1.333,30,40,41
B0,mixamorig_Hips,-1,0.8966988325119019,0.009795837104320526,0.4425332844257355,0,-0.0345049649477005,0.9982600808143616,0.04781961068511009,0,-0.4412946105003357,-0.05814935266971588,0.8954761028289795,0,0.003558000084012747,0.8770729899406433,0.0009330000029876828,1
B1,mixamorig_Spine,0,0.9949759244918823,0.05918729677796364,0.08074204623699188,0,-0.08316466957330704,0.9376460909843445,0.3374958038330078,0,-0.05573202669620514,-0.3425152003765106,0.9378579258918762,0,0,0.10756199806928635,-0.00022499999613501132,1
B2,mixamorig_Spine1,1,0.999794065952301,-0.00018161910702474415,0.02029907889664173,0,-0.0017656129784882069,0.9953929781913757,0.09586798399686813,0,-0.02022295817732811,-0.09588401764631271,0.995186984539032,0,0,0.1254889965057373,0,1
B3,mixamorig_Spine2,2,0.9995059967041016,0.029804985970258713,-0.009945962578058243,0,-0.029766015708446503,0.9995489716529846,0.0040450249798595905,0,0.010062035173177719,-0.0037469735834747553,0.9999420046806335,0,0,0.14341600239276886,0,1
B4,mixamorig_Neck,3,0.9904069900512695,-0.1364729404449463,-0.02166500873863697,0,0.12266305834054947,0.9404939413070679,-0.31689924001693726,0,0.06362398713827133,0.3112017810344696,0.9482120871543884,0,0,0.16134299337863922,0,1
B5,mixamorig_Head,4,0.928589940071106,-0.019814370200037956,-0.37057700753211975,0,0.011675572022795677,0.9996389746665955,-0.02419307641685009,0,0.3709229528903961,0.018138768151402473,0.9284869432449341,0,0,0.09068900346755981,-0.0007929999846965075,1
B6,mixamorig_HeadTop_End,5,1,0,0,0,0,1,0,0,0,0,1,0,0,0.23495300114154816,-0.002056000055745244,1
B7,mixamorig_LeftShoulder,3,0.36058297753334045,0.09533819556236267,-0.9278420209884644,0,0.7873779535293579,-0.5643851161003113,0.24800308048725128,0,-0.5000159740447998,-0.8199880719184875,-0.2785748839378357,0,0.0779310017824173,0.13742400705814362,0.001420999993570149,1
B8,mixamorig_LeftArm,7,-0.8283450603485107,-0.06436384469270706,-0.5565087795257568,0,-0.4272502660751343,0.7151098251342773,0.553240954875946,0,0.3623560965061188,0.6960428953170776,-0.6198570132255554,0,0,0.15975899994373322,0,1
B9,mixamorig_LeftForeArm,8,0.19403433799743652,-0.8763960599899292,-0.4407738447189331,0,0.7196351289749146,0.4325178563594818,-0.5431878566741943,0,0.6666902899742126,-0.2117992490530014,0.7146087288856506,0,0,0.17114800214767456,0,1
B10,mixamorig_LeftHand,9,0.742435872554779,0.17581413686275482,0.6464350819587708,0,-0.2595348060131073,0.9650769829750061,0.03560107201337814,0,-0.6176007986068726,-0.19420403242111206,0.7621381282806396,0,0,0.30470600724220276,0,1
B11,mixamorig_LeftHandThumb1,10,0.7058662176132202,-0.6071946024894714,0.364784300327301,0,0.7025622129440308,0.6658006906509399,-0.2512289583683014,0,-0.09032879024744034,0.4336177110671997,0.8965582251548767,0,-0.02053700014948845,0.042208001017570496,0,1
B12,mixamorig_LeftHandThumb2,11,0.7126100659370422,0.6431208848953247,-0.2803240120410919,0,-0.6985170245170593,0.6875908970832825,-0.19822117686271667,0,0.0652681440114975,0.33706584572792053,0.939216136932373,0,-0.0040870001539587975,0.037328001111745834,0,1
B13,mixamorig_LeftHandThumb3,12,0.24724125862121582,0.2591782510280609,-0.933647871017456,0,-0.8655710220336914,0.4921511113643646,-0.09259379655122757,0,0.4354979991912842,0.8310322165489197,0.3460175693035126,0,0.0009239999926649034,0.024248000234365463,0,1
B14,mixamorig_LeftHandThumb4,13,1,0,0,0,0,1,0,0,0,0,1,0,0.003163000103086233,0.018588999286293983,0,1
B15,mixamorig_LeftHandIndex1,10,0.9326539039611816,-0.11810321360826492,0.3408941328525543,0,0.36003580689430237,0.24431611597537994,-0.9003800749778748,0,0.02305186726152897,0.9624770879745483,0.2703837454319,0,0,0.0692249983549118,0.0002629999944474548,1
B16,mixamorig_LeftHandIndex2,15,0.9773929119110107,-0.17454499006271362,0.11931632459163666,0,0.2074897587299347,0.6834189891815186,-0.6999180912971497,0,0.04062420502305031,0.7088529467582703,0.704186201095581,0,-0.00039900001138448715,0.031268998980522156,0,1
B17,mixamorig_LeftHandIndex3,16,0.9103359580039978,-0.291606068611145,0.2936912775039673,0,0.3599206805229187,0.20747403800487518,-0.9096220135688782,0,0.20431797206401825,0.9337670207023621,0.29382607340812683,0,-0.0002300000051036477,0.019347000867128372,0,1
B18,mixamorig_LeftHandIndex4,17,1,0,0,0,0,1,0,0,0,0,1,0,0.0006280000088736415,0.023427000269293785,0,1
B19,mixamorig_RightShoulder,3,0.5103268027305603,-0.15469413995742798,0.8459530472755432,0,-0.8475160598754883,-0.2573418617248535,0.46421122550964355,0,0.1458882838487625,-0.953857958316803,-0.2624341547489166,0,-0.0779310017824173,0.13742999732494354,-0.001521000056527555,1
B20,mixamorig_RightArm,19,-0.6928882002830505,0.34612661600112915,0.6325361132621765,0,0.7001571655273438,0.5325950384140015,0.4755226969718933,0,-0.17229463160037994,0.7723590731620789,-0.611372172832489,0,0,0.15975899994373322,0,1
B21,mixamorig_RightForeArm,20,0.42583900690078735,0.7233380675315857,0.5435467958450317,0,-0.7622420191764832,0.6104660630226135,-0.21521787345409393,0,-0.4874921441078186,-0.3226660192012787,0.8113188743591309,0,0,0.17016799747943878,0,1
B22,mixamorig_RightHand,21,0.8474121689796448,0.2515559792518616,-0.4675597548484802,0,-0.3236600458621979,0.9428409934043884,-0.07933992892503738,0,0.42087623476982117,0.21856409311294556,0.880393922328949,0,0,0.30983099341392517,0,1
B23,mixamorig_RightHandThumb1,22,0.7803520560264587,0.6223909258842468,0.06066225469112396,0,-0.5999240875244141,0.7724799513816833,-0.20824411511421204,0,-0.17646972835063934,0.12611104547977448,0.9761940836906433,0,0.020779000595211983,0.042420998215675354,0,1
B24,mixamorig_RightHandThumb2,23,0.7002337574958801,-0.6841471791267395,-0.20399701595306396,0,0.6005526185035706,0.7189891338348389,-0.3498442471027374,0,0.38601672649383545,0.12246185541152954,0.9143271446228027,0,0.0033599999733269215,0.03764000162482262,0,1
B25,mixamorig_RightHandThumb3,24,0.3340306282043457,-0.9141660928726196,0.22961615025997162,0,0.9424259662628174,0.3197753429412842,-0.09786491841077805,0,0.016039198264479637,0.2490859478712082,0.96834796667099,0,0.0016469999682158232,0.02457600086927414,0,1
B26,mixamorig_RightHandThumb4,25,1,0,0,0,0,1,0,0,0,0,1,0,-0.005005999933928251,0.01875000074505806,0,1
B27,mixamorig_RightHandIndex1,22,0.9691631197929382,0.1629735827445984,0.1848296821117401,0,-0.04069024696946144,0.8456071615219116,-0.5322529077529907,0,-0.24303647875785828,0.5083191394805908,0.8261627554893494,0,0,0.07564499974250793,0.0002699999895412475,1
B28,mixamorig_RightHandIndex2,27,0.9199651479721069,0.23145078122615814,-0.3163778483867645,0,-0.21837417781352997,-0.3676607608795166,-0.9039570093154907,0,-0.32554134726524353,0.9006978273391724,-0.28769224882125854,0,0.0009519999730400741,0.02841700054705143,0,1
B29,mixamorig_RightHandIndex3,28,0.9839630126953125,0.1761980950832367,-0.027749842032790184,0,-0.16334199905395508,0.8275888562202454,-0.5370442271232605,0,-0.07166077196598053,0.5329647660255432,0.8430981040000916,0,-0.0010339999571442604,0.020186999812722206,0,1
B30,mixamorig_RightHandIndex4,29,1,0,0,0,0,1,0,0,0,0,1,0,0.00008099999831756577,0.02274099923670292,0,1
B31,mixamorig_LeftUpLeg,0,-0.9753209948539734,-0.10020086914300919,0.19674786925315857,0,0.20401714742183685,-0.749700129032135,0.629544734954834,0,0.08442097157239914,0.6541481018066406,0.7516409158706665,0,0.09473499655723572,-0.061400000005960464,-0.01775299943983555,1
B32,mixamorig_LeftLeg,31,0.9959109425544739,0.05739336833357811,0.06977201253175735,0,0.065854012966156,0.0675368458032608,-0.9955410361289978,0,-0.06184963881969452,0.9960650205612183,0.06348110735416412,0,0,0.42371100187301636,0,1
B33,mixamorig_LeftFoot,32,0.872355043888092,-0.011573988012969494,0.4887368679046631,0,-0.43093207478523254,0.4538850486278534,0.7799268960952759,0,-0.23085707426071167,-0.8909849524497986,0.39096105098724365,0,0,0.3882890045642853,0,1
B34,mixamorig_LeftToeBase,33,0.9932469725608826,-0.023330919444561005,0.11364828795194626,0,-0.053420718759298325,0.7775811553001404,0.6265087723731995,0,-0.10298781096935272,-0.6283491849899292,0.7710838913917542,0,0,0.1716659963130951,0,1
B35,mixamorig_LeftToe_End,34,1,0,0,0,0,1,0,0,0,0,1,0,0,0.06791199743747711,0,1
B36,mixamorig_RightUpLeg,0,-0.9947270154953003,-0.053211916238069534,-0.08767513185739517,0,-0.004492865409702063,-0.8314419388771057,0.5555941462516785,0,-0.10246093571186066,0.5530579686164856,0.82681804895401,0,-0.09473499655723572,-0.061400000005960464,-0.00788899976760149,1
B37,mixamorig_RightLeg,36,0.9930430054664612,0.009191052056849003,-0.11739274114370346,0,-0.10317318141460419,0.5484079122543335,-0.829820990562439,0,0.05675218999385834,0.8361599445343018,0.5455410480499268,0,0,0.42372599244117737,0,1
B38,mixamorig_RightFoot,37,0.8922880291938782,-0.02026621624827385,-0.45101088285446167,0,0.4502171277999878,0.11420074105262756,0.8855860233306885,0,0.03355831280350685,-0.9932509660720825,0.11102419346570969,0,0,0.3883950114250183,0,1
B39,mixamorig_RightToeBase,38,0.9875249266624451,0.036888085305690765,-0.15308015048503876,0,0.06002595275640488,0.8105721473693848,0.582554817199707,0,0.14557181298732758,-0.584476113319397,0.798245906829834,0,0,0.1835460066795349,0,1
B40,mixamorig_RightToe_End,39,1,0,0,0,0,1,0,0,0,0,1,0,0,0.07267499715089798,0,1
@34,0,1,2,3,4,5,7,8,9,10,11,12,13,15,16,17,19,20,21,22,23,24,25,27,28,29,31,32,33,34,36,37,38,39
K0,0.8966988325119019,0.009795929305255413,0.44253331422805786,0,-0.03450506553053856,0.9982600808143616,0.047819603234529495,0,-0.4412946403026581,-0.058149389922618866,0.8954761028289795,0,0.003558000084012747,0.8770729899406433,0.0009330000029876828,1,0.9949759244918823,0.05918731540441513,0.0807420164346695,0,-0.08316467702388763,0.9376460909843445,0.3374958038330078,0,-0.055731985718011856,-0.3425152003765106,0.9378579258918762,0,0,0.10756199806928635,-0.00022499999613501132,1,0.999794065952301,-0.0001816151780076325,0.02029906027019024,0,-0.0017656150739639997,0.9953929781913757,0.09586798399686813,0,-0.020222939550876617,-0.09588401764631271,0.995186984539032,0,0,0.1254889965057373,0,1,0.9995059967041016,0.029804985970258713,-0.009945963509380817,0,-0.029766015708446503,0.9995489716529846,0.004045025445520878,0,0.010062036104500294,-0.0037469742819666862,0.9999420046806335,0,0,0.14341600239276886,0,1,0.9904069900512695,-0.13647295534610748,-0.02166501060128212,0,0.12266307324171066,0.9404939413070679,-0.31689924001693726,0,0.06362399458885193,0.3112017810344696,0.9482120871543884,0,0,0.16134299337863922,0,1,0.928589940071106,-0.019814414903521538,-0.37057703733444214,0,0.011675585992634296,0.9996389746665955,-0.024193160235881805,0,0.3709229826927185,0.018138838931918144,0.9284869432449341,0,0,0.09068900346755981,-0.0007929999846965075,1,0.36058303713798523,0.0953381359577179,-0.9278419613838196,0,0.7873778343200684,-0.5643851161003113,0.24800309538841248,0,-0.5000160336494446,-0.819987952709198,-0.2785748243331909,0,0.0779310017824173,0.13742400705814362,0.001420999993570149,1,-0.8283451199531555,-0.06436372548341751,-0.5565087795257568,0,-0.4272502064704895,0.7151098251342773,0.5532410144805908,0,0.36235615611076355,0.6960428953170776,-0.6198569536209106,0,0,0.15975899994373322,0,1,0.19403450191020966,-0.8763960599899292,-0.44077369570732117,0,0.719635009765625,0.432517945766449,-0.5431879758834839,0,0.6666903495788574,-0.2117989957332611,0.7146087288856506,0,0,0.17114800214767456,0,1,0.742435872554779,0.1758141815662384,0.6464351415634155,0,-0.2595348060131073,0.9650769829750061,0.03560100868344307,0,-0.6176008582115173,-0.19420400261878967,0.7621380686759949,0,0,0.30470600724220276,0,1,0.7058662176132202,-0.6071946024894714,0.3647843599319458,0,0.7025622725486755,0.6658005714416504,-0.25122910737991333,0,-0.0903286561369896,0.43361788988113403,0.8965581655502319,0,-0.02053700014948845,0.042208001017570496,0,1,0.7126100659370422,0.6431208848953247,-0.28032395243644714,0,-0.6985170245170593,0.6875908970832825,-0.19822120666503906,0,0.06526806950569153,0.33706581592559814,0.939216136932373,0,-0.0040870001539587975,0.037328001111745834,0,1,0.2472412884235382,0.25917813181877136,-0.933647871017456,0,-0.8655709028244019,0.49215129017829895,-0.09259379655122757,0,0.4354981482028961,0.8310321569442749,0.3460174798965454,0,0.0009239999926649034,0.024248000234365463,0,1,0.9326539635658264,-0.11810332536697388,0.3408939838409424,0,0.3600356876850128,0.24431626498699188,-0.9003800749778748,0,0.02305196039378643,0.9624770283699036,0.27038392424583435,0,0,0.0692249983549118,0.0002629999944474548,1,0.9773929119110107,-0.17454515397548676,0.11931632459163666,0,0.20748986303806305,0.6834189295768738,-0.6999181509017944,0,0.04062432795763016,0.708853006362915,0.704186201095581,0,-0.00039900001138448715,0.031268998980522156,0,1,0.910335898399353,-0.29160627722740173,0.2936911880970001,0,0.3599206805229187,0.2074739784002304,-0.909622073173523,0,0.20431819558143616,0.9337669610977173,0.29382607340812683,0,-0.0002300000051036477,0.019347000867128372,0,1,0.5103269815444946,-0.1546943485736847,0.8459529280662537,0,-0.8475159406661987,-0.25734201073646545,0.4642113745212555,0,0.14588826894760132,-0.9538578987121582,-0.2624344527721405,0,-0.0779310017824173,0.13742999732494354,-0.001521000056527555,1,-0.6928879022598267,0.3461265563964844,0.6325362920761108,0,0.7001572847366333,0.5325948596000671,0.47552260756492615,0,-0.17229464650154114,0.7723591327667236,-0.6113718748092651,0,0,0.15975899994373322,0,1,0.42583906650543213,0.7233380675315857,0.5435467958450317,0,-0.7622418999671936,0.6104661226272583,-0.2152179479598999,0,-0.487492173910141,-0.32266589999198914,0.8113188743591309,0,0,0.17016799747943878,0,1,0.847412109375,0.2515559494495392,-0.4675597548484802,0,-0.3236600160598755,0.9428409934043884,-0.07933991402387619,0,0.42087623476982117,0.21856409311294556,0.880393922328949,0,0,0.30983099341392517,0,1,0.7803520560264587,0.6223909258842468,0.060662299394607544,0,-0.5999240875244141,0.7724799513816833,-0.20824404060840607,0,-0.17646971344947815,0.1261109560728073,0.9761941432952881,0,0.020779000595211983,0.042420998215675354,0,1,0.7002336978912354,-0.6841472387313843,-0.2039971649646759,0,0.6005526185035706,0.7189891338348389,-0.3498442471027374,0,0.386016845703125,0.12246173620223999,0.9143271446228027,0,0.0033599999733269215,0.03764000162482262,0,1,0.3340306282043457,-0.9141660928726196,0.2296162098646164,0,0.9424259662628174,0.3197753131389618,-0.09786496311426163,0,0.01603921689093113,0.24908602237701416,0.96834796667099,0,0.0016469999682158232,0.02457600086927414,0,1,0.9691631197929382,0.16297362744808197,0.18482956290245056,0,-0.0406903512775898,0.8456071019172668,-0.5322529077529907,0,-0.2430364191532135,0.5083191394805908,0.8261627554893494,0,0,0.07564499974250793,0.0002699999895412475,1,0.9199651479721069,0.2314504235982895,-0.31637808680534363,0,-0.21837450563907623,-0.3676607608795166,-0.9039568305015564,0,-0.32554107904434204,0.9006978273391724,-0.28769221901893616,0,0.0009519999730400741,0.02841700054705143,0,1,0.9839630126953125,0.1761980652809143,-0.027749793604016304,0,-0.1633419543504715,0.8275888562202454,-0.5370442271232605,0,-0.07166079431772232,0.5329647660255432,0.8430981040000916,0,-0.0010339999571442604,0.020186999812722206,0,1,-0.9753209948539734,-0.1002008318901062,0.19674794375896454,0,0.20401716232299805,-0.749700129032135,0.629544734954834,0,0.08442104607820511,0.6541481018066406,0.7516409158706665,0,0.09473499655723572,-0.061400000005960464,-0.01775299943983555,1,0.9959108829498291,0.05739334225654602,0.06977234780788422,0,0.06585434079170227,0.06753700971603394,-0.9955409169197083,0,-0.06184963881969452,0.9960649013519287,0.06348124891519547,0,0,0.42371100187301636,0,1,0.872355043888092,-0.011574093252420425,0.4887368381023407,0,-0.43093204498291016,0.45388495922088623,0.7799268960952759,0,-0.23085708916187286,-0.8909850120544434,0.3909609317779541,0,0,0.3882890045642853,0,1,0.9932469725608826,-0.02333080768585205,0.11364828050136566,0,-0.05342080444097519,0.7775811553001404,0.6265087723731995,0,-0.10298772901296616,-0.6283491849899292,0.7710838913917542,0,0,0.1716659963130951,0,1,-0.9947270154953003,-0.05321187898516655,-0.08767510950565338,0,-0.004492881707847118,-0.8314419388771057,0.5555941462516785,0,-0.10246089100837708,0.5530579686164856,0.82681804895401,0,-0.09473499655723572,-0.061400000005960464,-0.00788899976760149,1,0.993043065071106,0.009190916083753109,-0.11739271134138107,0,-0.10317308455705643,0.5484079122543335,-0.829820990562439,0,0.0567522868514061,0.8361599445343018,0.5455410480499268,0,0,0.42372599244117737,0,1,0.8922881484031677,-0.02026613987982273,-0.4510106146335602,0,0.4502168595790863,0.11420082300901413,0.8855860829353333,0,0.03355835750699043,-0.9932509064674377,0.11102423816919327,0,0,0.3883950114250183,0,1,0.9875249266624451,0.03688802197575569,-0.15308018028736115,0,0.06002602353692055,0.8105721473693848,0.582554817199707,0,0.14557181298732758,-0.584476113319397,0.798245906829834,0,0,0.1835460066795349,0,1
K0.033,0.8866987824440002,0.013892610557377338,0.4621383249759674,0,-0.04201745241880417,0.9978339672088623,0.050621867179870605,0,-0.46043410897254944,-0.06430423259735107,0.8853620290756226,0,0.002348997164517641,0.881959080696106,-0.0069330898113548756,1,0.9965599775314331,0.04442376270890236,0.06996598094701767,0,-0.06597801297903061,0.9361448884010315,0.345367431640625,0,-0.05015581101179123,-0.3487957715988159,0.9358561038970947,0,0,0.10756199806928635,-0.00022499999613501132,1,0.9998539686203003,-0.0019063448999077082,0.016988757997751236,0,0.0002746901009231806,0.9954259991645813,0.09553230553865433,0,-0.017093166708946228,-0.09551367163658142,0.9952809810638428,0,0,0.1254889965057373,0,1,0.9995200037956238,0.02800687588751316,-0.013220701366662979,0,-0.027960091829299927,0.9996020197868347,0.0037107125390321016,0,0.013319374062120914,-0.003339281538501382,0.9999059438705444,0,0,0.14341600239276886,0,1,0.991235077381134,-0.1303560435771942,-0.021472809836268425,0,0.11686088889837265,0.9409539699554443,-0.3177240788936615,0,0.06162217631936073,0.31242990493774414,0.9479399919509888,0,0,0.16134299337863922,0,1,0.9271990060806274,-0.022391151636838913,-0.3738999366760254,0,0.012227875180542469,0.9994890093803406,-0.029532063752412796,0,0.3743700683116913,0.02281009405851364,0.9269989132881165,0,0,0.09068900346755981,-0.0007929999846965075,1,0.35339978337287903,0.09609789401292801,-0.9305230379104614,0,0.7899249196052551,-0.5635140538215637,0.2418067455291748,0,-0.5011258721351624,-0.8204980492591858,-0.2750559151172638,0,0.0779310017824173,0.13742400705814362,0.001420999993570149,1,-0.8273940682411194,-0.0686081200838089,-0.5574148297309875,0,-0.43174996972084045,0.7124531865119934,0.5531737804412842,0,0.3591800928115845,0.6983572244644165,-0.6191016435623169,0,0,0.15975899994373322,0,1,0.19976696372032166,-0.8735088109970093,-0.4439323842525482,0,0.7180502414703369,0.4387807846069336,-0.5402538776397705,0,0.6667057275772095,-0.21084091067314148,0.7148773074150085,0,0,0.17114800214767456,0,1,0.7441807389259338,0.16775387525558472,0.6465702652931213,0,-0.2503330409526825,0.9674479365348816,0.03711875528097153,0,-0.6192967891693115,-0.18948113918304443,0.7619511485099792,0,0,0.30470600724220276,0,1,0.7058659791946411,-0.6071938872337341,0.3647841215133667,0,0.7025619745254517,0.6658008098602295,-0.2512291371822357,0,-0.09032883495092392,0.43361786007881165,0.8965581655502319,0,-0.02053700014948845,0.042208001017570496,0,1,0.7126101851463318,0.643121063709259,-0.2803244888782501,0,-0.6985170841217041,0.6875908970832825,-0.19822102785110474,0,0.06526853889226913,0.33706599473953247,0.9392160177230835,0,-0.0040870001539587975,0.037328001111745834,0,1,0.2472410649061203,0.25917860865592957,-0.9336481094360352,0,-0.865571141242981,0.49215084314346313,-0.09259350597858429,0,0.4354977309703827,0.8310322761535645,0.34601765871047974,0,0.0009239999926649034,0.024248000234365463,0,1,0.932654082775116,-0.11810281872749329,0.3408937454223633,0,0.3600351810455322,0.24431560933589935,-0.9003800749778748,0,0.02305174432694912,0.9624770879745483,0.27038314938545227,0,0,0.0692249983549118,0.0002629999944474548,1,0.9773929119110107,-0.17454510927200317,0.11931619793176651,0,0.20748992264270782,0.683419942855835,-0.6999180316925049,0,0.04062420129776001,0.7088518142700195,0.7041861414909363,0,-0.00039900001138448715,0.031268998980522156,0,1,0.9103361368179321,-0.2916058599948883,0.29369089007377625,0,0.3599201440811157,0.2074740082025528,-0.9096219539642334,0,0.2043178826570511,0.9337671399116516,0.2938259243965149,0,-0.0002300000051036477,0.019347000867128372,0,1,0.5112206339836121,-0.15572500228881836,0.8452242016792297,0,-0.8477270007133484,-0.2532423734664917,0.4660768508911133,0,0.1414666622877121,-0.9547871351242065,-0.26147493720054626,0,-0.0779310017824173,0.13742999732494354,-0.001521000056527555,1,-0.6882259845733643,0.3524070382118225,0.6341559886932373,0,0.7063031196594238,0.5251849889755249,0.474673867225647,0,-0.1657709926366806,0.7745901346206665,-0.6103528738021851,0,0,0.15975899994373322,0,1,0.433122456073761,0.7168588042259216,0.546367883682251,0,-0.7576951384544373,0.6178838610649109,-0.21004293859004974,0,-0.4881631135940552,-0.3230060338973999,0.8107799291610718,0,0,0.17016799747943878,0,1,0.847498893737793,0.25588080286979675,-0.46504929661750793,0,-0.32656508684158325,0.9420499205589294,-0.07678984850645065,0,0.41845065355300903,0.21694821119308472,0.8819481134414673,0,0,0.30983099341392517,0,1,0.7803531289100647,0.6223898530006409,0.06066197156906128,0,-0.5999230742454529,0.7724809646606445,-0.20824380218982697,0,-0.17646904289722443,0.12611117959022522,0.9761939644813538,0,0.020779000595211983,0.042420998215675354,0,1,0.7002338171005249,-0.6841472387313843,-0.20399674773216248,0,0.6005527377128601,0.7189891338348389,-0.3498440980911255,0,0.38601627945899963,0.12246187031269073,0.9143269062042236,0,0.0033599999733269215,0.03764000162482262,0,1,0.33403074741363525,-0.9141660928726196,0.22961671650409698,0,0.9424259662628174,0.31977546215057373,-0.09786463528871536,0,0.01603873260319233,0.24908635020256042,0.9683479070663452,0,0.0016469999682158232,0.02457600086927414,0,1,0.9691631197929382,0.16297359764575958,0.18482959270477295,0,-0.04069039225578308,0.845606803894043,-0.5322522521018982,0,-0.2430363893508911,0.5083187818527222,0.8261629939079285,0,0,0.07564499974250793,0.0002699999895412475,1,0.9199651479721069,0.2314504235982895,-0.31637808680534363,0,-0.21837450563907623,-0.3676607608795166,-0.9039568305015564,0,-0.32554107904434204,0.9006978273391724,-0.28769221901893616,0,0.0009519999730400741,0.02841700054705143,0,1,0.9839630126953125,0.1761980801820755,-0.027749737724661827,0,-0.1633419543504715,0.8275890946388245,-0.5370438694953918,0,-0.07166074216365814,0.5329641699790955,0.843097984790802,0,-0.0010339999571442604,0.020186999812722206,0,1,-0.9756699800491333,-0.12552839517593384,0.17975187301635742,0,0.21456901729106903,-0.7151197791099548,0.6652542948722839,0,0.04503585398197174,0.6876381635665894,0.72465580701828,0,0.09473499655723572,-0.061400000005960464,-0.01775299943983555,1,0.9908429384231567,0.1076711043715477,0.08147019892930984,0,0.061823002994060516,0.17463473975658417,-0.9826906323432922,0,-0.12003491073846817,0.9787288308143616,0.16637906432151794,0,0,0.42371100187301636,0,1,0.8730630874633789,-0.017364012077450752,0.4872978627681732,0,-0.4362712502479553,0.4185292720794678,0.7965552806854248,0,-0.21777983009815216,-0.908037006855011,0.3578270375728607,0,0,0.3882890045642853,0,1,0.9917489886283875,-0.03450097516179085,0.12346401065587997,0,-0.05403798073530197,0.76084303855896,0.6466819643974304,0,-0.11624789237976074,-0.648017942905426,0.7527010440826416,0,0,0.1716659963130951,0,1,-0.9944911003112793,-0.03898542374372482,-0.09729816764593124,0,-0.018680643290281296,-0.8474770188331604,0.5305030941963196,0,-0.10313989222049713,0.5293984413146973,0.8420803546905518,0,-0.09473499655723572,-0.061400000005960464,-0.00788899976760149,1,0.9952870011329651,0.02521718665957451,-0.09363538771867752,0,-0.09180780500173569,0.5559340119361877,-0.8261409997940063,0,0.03122214786708355,0.830843985080719,0.5556290745735168,0,0,0.42372599244117737,0,1,0.8935850262641907,-0.006843463983386755,-0.44884106516838074,0,0.4469274580478668,0.10703784227371216,0.8881433606147766,0,0.04196503385901451,-0.9942310452461243,0.09870593994855881,0,0,0.3883950114250183,0,1,0.9867849349975586,0.04021930322051048,-0.1569669544696808,0,0.06033426895737648,0.8078510165214539,0.5862900018692017,0,0.15038615465164185,-0.5880129337310791,0.7947490215301514,0,0,0.1835460066795349,0,1
K0.067,0.874643087387085,0.01513299997895956,0.48453089594841003,0,-0.04728294536471367,0.9974100589752197,0.054200660437345505,0,-0.48245564103126526,-0.07031626254320145,0.8730931878089905,0,0.0020690024830400944,0.885845959186554,-0.015665918588638306,1,0.9977099299430847,0.03507243096828461,0.057833172380924225,0,-0.05333876609802246,0.9337600469589233,0.35390380024909973,0,-0.041590020060539246,-0.35617795586586,0.9334920048713684,0,0,0.10756199806928635,-0.00022499999613501132,1,0.9999050498008728,-0.003434866899624467,0.013333909213542938,0,0.0021511008962988853,0.9954630136489868,0.09512486308813095,0,-0.01360015757381916,-0.09508715569972992,0.9953759908676147,0,0,0.1254889965057373,0,1,0.9995070695877075,0.02642805315554142,-0.016975760459899902,0,-0.02637297473847866,0.999646008014679,0.0034592063166201115,0,0.01706116832792759,-0.003009798936545849,0.9998499155044556,0,0,0.14341600239276886,0,1,0.9916089177131653,-0.12750910222530365,-0.02126995660364628,0,0.11425994336605072,0.9414740800857544,-0.31712958216667175,0,0.06046205759048462,0.312038391828537,0.9481438994407654,0,0,0.16134299337863922,0,1,0.9262000918388367,-0.02514614351093769,-0.37619268894195557,0,0.011898833326995373,0.9992260336875916,-0.03749668598175049,0,0.37684422731399536,0.03025316447019577,0.9257819652557373,0,0,0.09068900346755981,-0.0007929999846965075,1,0.3487502336502075,0.09646973758935928,-0.9322379231452942,0,0.7898951172828674,-0.565606951713562,0.23696966469287872,0,-0.5044198036193848,-0.8190131783485413,-0.2734563946723938,0,0.0779310017824173,0.13742400705814362,0.001420999993570149,1,-0.8254761695861816,-0.07362526655197144,-0.5596145987510681,0,-0.43621760606765747,0.7123984098434448,0.5497296452522278,0,0.3581944406032562,0.6979023218154907,-0.6201843023300171,0,0,0.15975899994373322,0,1,0.2012776881456375,-0.8727142810821533,-0.44481161236763,0,0.721422553062439,0.4392501711845398,-0.5353583693504333,0,0.662598192691803,-0.21314135193824768,0.7180067300796509,0,0,0.17114800214767456,0,1,0.7423011660575867,0.16523410379886627,0.6493738293647766,0,-0.2441859394311905,0.9691830277442932,0.032519660890102386,0,-0.6239890456199646,-0.18270744383335114,0.7597739100456238,0,0,0.30470600724220276,0,1,0.7058660984039307,-0.6071949005126953,0.36478501558303833,0,0.702562153339386,0.6657998561859131,-0.25122880935668945,0,-0.09032897651195526,0.4336181879043579,0.8965579867362976,0,-0.02053700014948845,0.042208001017570496,0,1,0.7126100659370422,0.6431208848953247,-0.28032395243644714,0,-0.6985170245170593,0.6875908970832825,-0.19822120666503906,0,0.06526806950569153,0.33706581592559814,0.939216136932373,0,-0.0040870001539587975,0.037328001111745834,0,1,0.2472410649061203,0.25917860865592957,-0.9336481094360352,0,-0.865571141242981,0.49215084314346313,-0.09259350597858429,0,0.4354977309703827,0.8310322761535645,0.34601765871047974,0,0.0009239999926649034,0.024248000234365463,0,1,0.9326539635658264,-0.1181032806634903,0.34089404344558716,0,0.3600357472896576,0.24431581795215607,-0.9003802537918091,0,0.023052044212818146,0.9624769687652588,0.27038344740867615,0,0,0.0692249983549118,0.0002629999944474548,1,0.9773929119110107,-0.17454510927200317,0.11931619793176651,0,0.20748992264270782,0.683419942855835,-0.6999180316925049,0,0.04062420129776001,0.7088518142700195,0.7041861414909363,0,-0.00039900001138448715,0.031268998980522156,0,1,0.9103361368179321,-0.2916058599948883,0.29369089007377625,0,0.3599201440811157,0.2074740082025528,-0.9096219539642334,0,0.2043178826570511,0.9337671399116516,0.2938259243965149,0,-0.0002300000051036477,0.019347000867128372,0,1,0.5121480226516724,-0.15674951672554016,0.8444720506668091,0,-0.84788978099823,-0.2491755336523056,0.46796923875808716,0,0.13706789910793304,-0.9556893110275269,-0.2605212330818176,0,-0.0779310017824173,0.13742999732494354,-0.001521000056527555,1,-0.6804958581924438,0.36213377118110657,0.6370110511779785,0,0.7151809930801392,0.5174790024757385,0.4698209762573242,0,-0.15950188040733337,0.7752900123596191,-0.611133873462677,0,0,0.15975899994373322,0,1,0.4402178227901459,0.7106930017471313,0.5487480163574219,0,-0.7546370029449463,0.6240180134773254,-0.20278990268707275,0,-0.4865500032901764,-0.32483381032943726,0.8110190629959106,0,0,0.17016799747943878,0,1,0.8496680855751038,0.2526099979877472,-0.462875097990036,0,-0.3242420256137848,0.9425150156021118,-0.08081954717636108,0,0.41585102677345276,0.218753382563591,0.8827319145202637,0,0,0.30983099341392517,0,1,0.780352771282196,0.6223902106285095,0.06066293641924858,0,-0.5999236702919006,0.7724812626838684,-0.2082442343235016,0,-0.176470085978508,0.12611077725887299,0.9761940836906433,0,0.020779000595211983,0.042420998215675354,0,1,0.7002339363098145,-0.6841469407081604,-0.2039971649646759,0,0.6005520224571228,0.7189890146255493,-0.3498440980911255,0,0.3860168159008026,0.12246190756559372,0.9143271446228027,0,0.0033599999733269215,0.03764000162482262,0,1,0.3340305984020233,-0.9141660928726196,0.22961613535881042,0,0.9424259662628174,0.31977537274360657,-0.09786483645439148,0,0.016039133071899414,0.2490861415863037,0.9683489203453064,0,0.0016469999682158232,0.02457600086927414,0,1,0.9691630601882935,0.162973091006279,0.1848297417163849,0,-0.04068990424275398,0.8456068634986877,-0.5322521924972534,0,-0.24303628504276276,0.5083189010620117,0.8261629939079285,0,0,0.07564499974250793,0.0002699999895412475,1,0.9199651479721069,0.2314504235982895,-0.31637808680534363,0,-0.21837450563907623,-0.3676607608795166,-0.9039568305015564,0,-0.32554107904434204,0.9006978273391724,-0.28769221901893616,0,0.0009519999730400741,0.02841700054705143,0,1,0.9839630126953125,0.1761980801820755,-0.027749737724661827,0,-0.1633419543504715,0.8275890946388245,-0.5370438694953918,0,-0.07166074216365814,0.5329641699790955,0.843097984790802,0,-0.0010339999571442604,0.020186999812722206,0,1,-0.9728049635887146,-0.14858762919902802,0.17768524587154388,0,0.23077400028705597,-0.6874751448631287,0.688564658164978,0,0.0198419988155365,0.7108438014984131,0.7030690908432007,0,0.09473499655723572,-0.061400000005960464,-0.01775299943983555,1,0.9907230138778687,0.10536900907754898,0.08581708371639252,0,0.05016309767961502,0.3033386766910553,-0.9515613317489624,0,-0.12629680335521698,0.9470392465591431,0.2952391505241394,0,0,0.42371100187301636,0,1,0.8731610178947449,-0.00548914447426796,0.48740091919898987,0,-0.44711995124816895,0.38915932178497314,0.8053818941116333,0,-0.19409729540348053,-0.9211539030075073,0.3373441696166992,0,0,0.3882890045642853,0,1,0.9924119710922241,-0.03171096742153168,0.11879635602235794,0,-0.051950957626104355,0.7675507664680481,0.6388792395591736,0,-0.1114417091012001,-0.6402029395103455,0.7600790858268738,0,0,0.1716659963130951,0,1,-0.9943288564682007,-0.02719748206436634,-0.10281409323215485,0,-0.028934277594089508,-0.8610987067222595,0.5076143145561218,0,-0.10233885049819946,0.5077100992202759,0.8554279208183289,0,-0.09473499655723572,-0.061400000005960464,-0.00788899976760149,1,0.996830940246582,0.03764970228075981,-0.07007686793804169,0,-0.0791023001074791,0.5624917149543762,-0.8230102062225342,0,0.008431569673120975,0.8259449601173401,0.5636871457099915,0,0,0.42372599244117737,0,1,0.8943308591842651,0.003234830219298601,-0.4473952054977417,0,0.44512200355529785,0.0944942831993103,0.890470027923584,0,0.045156799256801605,-0.9955199956893921,0.08306922763586044,0,0,0.3883950114250183,0,1,0.9857320189476013,0.04321930930018425,-0.1626790165901184,0,0.06029634177684784,0.8116700649261475,0.5809959769248962,0,0.15715187788009644,-0.5825151205062866,0.797482967376709,0,0,0.1835460066795349,0,1
K0.100,0.8622831106185913,0.012724798172712326,0.5062658190727234,0,-0.048852190375328064,0.997111976146698,0.058144088834524155,0,-0.50406414270401,-0.07486890256404877,0.8604149222373962,0,0.0030930014327168465,0.8879929780960083,-0.02296900562942028,1,0.9985820055007935,0.029266739264130592,0.044462986290454865,0,-0.04345325753092766,0.9306480288505554,0.3633270859718323,0,-0.030745988711714745,-0.3647439181804657,0.9306000471115112,0,0,0.10756199806928635,-0.00022499999613501132,1,0.9999449253082275,-0.004411103669553995,0.009557741694152355,0,0.003486896399408579,0.9955050349235535,0.09464280307292938,0,-0.009932252578437328,-0.09460420161485672,0.9954649209976196,0,0,0.1254889965057373,0,1,0.9994629621505737,0.02530900202691555,-0.02082465961575508,0,-0.025248996913433075,0.999675989151001,0.0031387433409690857,0,0.02089734561741352,-0.002611255506053567,0.9997779726982117,0,0,0.14341600239276886,0,1,0.9917250275611877,-0.12657403945922852,-0.021459147334098816,0,0.11333495378494263,0.941702127456665,-0.31678470969200134,0,0.060304854065179825,0.3117312788963318,0.9482549428939819,0,0,0.16134299337863922,0,1,0.9251580834388733,-0.026714293286204338,-0.3786407709121704,0,0.010760704055428505,0.9989650249481201,-0.044187773019075394,0,0.37942928075790405,0.03680622950196266,0.9244879484176636,0,0,0.09068900346755981,-0.0007929999846965075,1,0.34470051527023315,0.09675396233797073,-0.9337127804756165,0,0.7892930507659912,-0.568297803401947,0.23249614238739014,0,-0.5081322193145752,-0.8171148300170898,-0.27225980162620544,0,0.0779310017824173,0.13742400705814362,0.001420999993570149,1,-0.8239505887031555,-0.07805037498474121,-0.5612603425979614,0,-0.44048765301704407,0.7113053202629089,0.5477359294891357,0,0.35647663474082947,0.6985360383987427,-0.6204609870910645,0,0,0.15975899994373322,0,1,0.19735094904899597,-0.8745660781860352,-0.4429299831390381,0,0.7261529564857483,0.43394672870635986,-0.53328537940979,0,0.6586008071899414,-0.21639040112495422,0.7207080125808716,0,0,0.17114800214767456,0,1,0.7413148283958435,0.16816996037960052,0.6497471332550049,0,-0.2448030412197113,0.969154953956604,0.028462408110499382,0,-0.6249188780784607,-0.18015959858894348,0.7596171498298645,0,0,0.30470600724220276,0,1,0.7058662176132202,-0.6071946024894714,0.3647843599319458,0,0.7025622725486755,0.6658005714416504,-0.25122910737991333,0,-0.0903286561369896,0.43361788988113403,0.8965581655502319,0,-0.02053700014948845,0.042208001017570496,0,1,0.7126100659370422,0.6431208848953247,-0.28032395243644714,0,-0.6985170245170593,0.6875908970832825,-0.19822120666503906,0,0.06526806950569153,0.33706581592559814,0.939216136932373,0,-0.0040870001539587975,0.037328001111745834,0,1,0.2472410649061203,0.25917860865592957,-0.9336481094360352,0,-0.865571141242981,0.49215084314346313,-0.09259350597858429,0,0.4354977309703827,0.8310322761535645,0.34601765871047974,0,0.0009239999926649034,0.024248000234365463,0,1,0.9326539635658264,-0.11810332536697388,0.3408939838409424,0,0.3600356876850128,0.24431626498699188,-0.9003800749778748,0,0.02305196039378643,0.9624770283699036,0.27038392424583435,0,0,0.0692249983549118,0.0002629999944474548,1,0.9773929119110107,-0.17454510927200317,0.11931619793176651,0,0.20748992264270782,0.683419942855835,-0.6999180316925049,0,0.04062420129776001,0.7088518142700195,0.7041861414909363,0,-0.00039900001138448715,0.031268998980522156,0,1,0.910335898399353,-0.2916060984134674,0.2936915457248688,0,0.3599209487438202,0.20747484266757965,-0.9096211194992065,0,0.20431751012802124,0.9337669014930725,0.29382702708244324,0,-0.0002300000051036477,0.019347000867128372,0,1,0.5129513144493103,-0.15785351395606995,0.8437787890434265,0,-0.8481201529502869,-0.24498718976974487,0.4697585105895996,0,0.1325620859861374,-0.9565898180007935,-0.2595454454421997,0,-0.0779310017824173,0.13742999732494354,-0.001521000056527555,1,-0.67836993932724,0.36452868580818176,0.6379130482673645,0,0.717113196849823,0.5174427628517151,0.4669058918952942,0,-0.15988288819789886,0.7741909027099609,-0.6124259829521179,0,0,0.15975899994373322,0,1,0.43589308857917786,0.7151819467544556,0.5463629961013794,0,-0.7608360648155212,0.6171038746833801,-0.20077916979789734,0,-0.4807560443878174,-0.3281741738319397,0.8131269216537476,0,0,0.17016799747943878,0,1,0.8532098531723022,0.24343106150627136,-0.46127504110336304,0,-0.31669390201568604,0.9444990158081055,-0.08733616769313812,0,0.4144129753112793,0.22059883177280426,0.8829480409622192,0,0,0.30983099341392517,0,1,0.780352771282196,0.6223902106285095,0.06066310778260231,0,-0.5999237298965454,0.772481381893158,-0.2082437425851822,0,-0.17646987736225128,0.1261102706193924,0.9761940240859985,0,0.020779000595211983,0.042420998215675354,0,1,0.7002339363098145,-0.6841469407081604,-0.2039971649646759,0,0.6005520224571228,0.7189890146255493,-0.3498440980911255,0,0.3860168159008026,0.12246190756559372,0.9143271446228027,0,0.0033599999733269215,0.03764000162482262,0,1,0.3340306282043457,-0.9141660928726196,0.2296162098646164,0,0.9424259662628174,0.3197753131389618,-0.09786496311426163,0,0.01603921689093113,0.24908602237701416,0.96834796667099,0,0.0016469999682158232,0.02457600086927414,0,1,0.9691630601882935,0.162973091006279,0.1848297417163849,0,-0.04068990424275398,0.8456068634986877,-0.5322521924972534,0,-0.24303628504276276,0.5083189010620117,0.8261629939079285,0,0,0.07564499974250793,0.0002699999895412475,1,0.9199650883674622,0.2314511090517044,-0.3163776397705078,0,-0.2183738797903061,-0.3676605820655823,-0.9039570689201355,0,-0.3255416750907898,0.9006980061531067,-0.2876921594142914,0,0.0009519999730400741,0.02841700054705143,0,1,0.9839630126953125,0.1761980652809143,-0.027749793604016304,0,-0.1633419543504715,0.8275888562202454,-0.5370442271232605,0,-0.07166079431772232,0.5329647660255432,0.8430981040000916,0,-0.0010339999571442604,0.020186999812722206,0,1,-0.9690510630607605,-0.17567789554595947,0.17342689633369446,0,0.24678917229175568,-0.672650933265686,0.697593092918396,0,-0.0058959187008440495,0.7188028693199158,0.6951881051063538,0,0.09473499655723572,-0.061400000005960464,-0.01775299943983555,1,0.9952390193939209,0.06476397067308426,0.07283110171556473,0,0.03565898537635803,0.45349517464637756,-0.8905448913574219,0,-0.09070386737585068,0.8889029026031494,0.44902709126472473,0,0,0.42371100187301636,0,1,0.873012900352478,-0.0042717778123915195,0.48767906427383423,0,-0.44970178604125977,0.37990498542785645,0.8083561062812805,0,-0.18872490525245667,-0.925015926361084,0.32974109053611755,0,0,0.3882890045642853,0,1,0.9921629428863525,-0.02214202657341957,0.12297411262989044,0,-0.05999903380870819,0.7788657546043396,0.6243142485618591,0,-0.10960391163825989,-0.6267997622489929,0.7714332938194275,0,0,0.1716659963130951,0,1,-0.9941478967666626,-0.016965171322226524,-0.10668519139289856,0,-0.037305183708667755,-0.8729167580604553,0.486441045999527,0,-0.10137978941202164,0.4875739514827728,0.8671750426292419,0,-0.09473499655723572,-0.061400000005960464,-0.00788899976760149,1,0.997875988483429,0.043327171355485916,-0.04864899441599846,0,-0.06461581587791443,0.5632171630859375,-0.8237778544425964,0,-0.008292023092508316,0.8251721262931824,0.5648208260536194,0,0,0.42372599244117737,0,1,0.8951630592346191,0.014902908354997635,-0.44548889994621277,0,0.4431098997592926,0.07862735539674759,0.8930130004882812,0,0.04833609610795975,-0.9967929720878601,0.06378068774938583,0,0,0.3883950114250183,0,1,0.9848849177360535,0.047238100320100784,-0.1666412204504013,0,0.05991410091519356,0.8097870945930481,0.583656907081604,0,0.16251476109027863,-0.5848191380500793,0.7947169542312622,0,0,0.1835460066795349,0,1
