4.000,30,119,57
B0,mixamorig_Hips,-1,0.8376110196113586,0.09952200204133987,-0.5371249914169312,0,-0.05283299833536148,0.9934139847755432,0.10167700052261353,0,0.5437059998512268,-0.05678800120949745,0.8373519778251648,0,0.005011000204831362,3.1534969806671143,-0.05042000114917755,1
B1,mixamorig_Spine,0,0.999101996421814,0.04106999933719635,-0.010444000363349915,0,-0.04035399854183197,0.997298002243042,0.06138300150632858,0,0.012937000021338463,-0.06090699881315231,0.9980599880218506,0,0,0.3485249876976013,-0.025025000795722008,1
B2,mixamorig_Spine1,1,0.9976379871368408,0.017621999606490135,-0.06639300286769867,0,-0.0002739999908953905,0.9675499796867371,0.2526809871196747,0,0.06869199872016907,-0.2520659863948822,0.9652690291404724,0,0,0.40765899419784546,0,1
B3,mixamorig_Spine2,2,0.9976779818534851,-0.0000779999973019585,-0.06810300052165985,0,0.017287999391555786,0.9675340056419373,0.2521499991416931,0,0.06587299704551697,-0.2527419924736023,0.9652889966964722,0,0,0.46589699387550354,0,1
B4,mixamorig_Neck,3,0.9936599731445312,-0.09957899898290634,0.05219399929046631,0,0.09352099895477295,0.9897559881210327,0.10787399858236313,0,-0.062401000410318375,-0.1023079976439476,0.9927939772605896,0,0,0.524133026599884,0,1
B5,mixamorig_Head,4,0.9288380146026611,-0.08082199841737747,0.3615629971027374,0,0.23024800419807434,0.8904929757118225,-0.39243900775909424,0,-0.2902509868144989,0.44776201248168945,0.8457329869270325,0,0,0.35804200172424316,0.10372699797153473,1
B6,mixamorig_HeadTop_End,5,1,0,0,0,0,1,0,0,0,0,1,0,0,0.6537650227546692,0.18940100073814392,1
B7,mixamorig_LeftShoulder,3,0.2712770104408264,0.09809499979019165,-0.9574900269508362,0,0.8327929973602295,0.47482800483703613,0.28459399938583374,0,0.48256000876426697,-0.8745949864387512,0.047116998583078384,0,0.18091900646686554,0.452921986579895,-0.005005999933928251,1
B8,mixamorig_LeftArm,7,0.23243899643421173,0.7999929785728455,0.5531569719314575,0,-0.8690670132637024,0.4261850118637085,-0.25117599964141846,0,-0.4366860091686249,-0.4223479926586151,0.7943090200424194,0,0,0.3877809941768646,0,1
B9,mixamorig_LeftForeArm,8,0.8347499966621399,0.5503569841384888,-0.017302999272942543,0,-0.550616979598999,0.8341109752655029,-0.032871998846530914,0,-0.0036589999217540026,0.03696700185537338,0.9993100166320801,0,0,0.8244019746780396,0,1
B10,mixamorig_LeftHand,9,0.9735990166664124,-0.01347499992698431,0.22786599397659302,0,0.008214999921619892,0.9996780157089233,0.02401999942958355,0,-0.2281160056591034,-0.02151400037109852,0.9733960032463074,0,0,0.973065972328186,0,1
B11,mixamorig_LeftHandThumb1,10,0.7043570280075073,0.7069190144538879,-0.06439200043678284,0,-0.6936519742012024,0.7047160267829895,0.1490740031003952,0,0.15076099336147308,-0.060336001217365265,0.9867269992828369,0,-0.05845100060105324,0.12049999833106995,0.050172001123428345,1
B12,mixamorig_LeftHandThumb2,11,0.9565950036048889,-0.2903920114040375,0.02448200061917305,0,0.2911849915981293,0.9558259844779968,-0.040112998336553574,0,-0.011752000078558922,0.04550100117921829,0.998894989490509,0,-0.014241999946534634,0.11352399736642838,0,1
B13,mixamorig_LeftHandThumb3,12,0.9794999957084656,0.20141300559043884,-0.003700000001117587,0,-0.20136800408363342,0.9784370064735413,-0.04595699906349182,0,-0.005636999849230051,0.04575999826192856,0.9989370107650757,0,-0.0026970000471919775,0.1019740030169487,0,1
B14,mixamorig_LeftHandThumb4,13,1,0,0,0,0,1,0,0,0,0,1,0,0.01693899929523468,0.08206000179052353,0,1
B15,mixamorig_LeftHandIndex1,10,0.9995899796485901,-0.028320999816060066,-0.004197999835014343,0,0.028524000197649002,0.972478985786438,0.23123699426651,0,-0.0024659999180585146,-0.2312619984149933,0.9728879928588867,0,-0.08161800354719162,0.29488199949264526,-0.0000779999973019585,1
B16,mixamorig_LeftHandIndex2,15,0.9992409944534302,-0.03868100047111511,-0.004606000147759914,0,0.03869500011205673,0.9719939827919006,0.231796994805336,0,-0.004488999955356121,-0.23180000483989716,0.9727529883384705,0,0.00013899999612476677,0.10093799978494644,0,1
B17,mixamorig_LeftHandIndex3,16,0.999468982219696,-0.03235900029540062,-0.003936000168323517,0,0.03238999843597412,0.9722219705581665,0.23180800676345825,0,-0.0036750000435858965,-0.2318120002746582,0.9727540016174316,0,-0.00019099999917671084,0.09645900130271912,0,1
B18,mixamorig_LeftHandIndex4,17,1,0,0,0,0,1,0,0,0,0,1,0,0.00005199999941396527,0.07855600118637085,0,1
B19,mixamorig_LeftHandMiddle1,10,0.9992709755897522,-0.03785200044512749,-0.005055000074207783,0,0.03768400102853775,0.9559779763221741,0.2910099923610687,0,-0.006182999815791845,-0.2909879982471466,0.9567070007324219,0,-0.0022279999684542418,0.34484198689460754,-0.00020700000459328294,1
B20,mixamorig_LeftHandMiddle2,19,0.9984570145606995,-0.054708998650312424,-0.009564000181853771,0,0.05465099960565567,0.9371610283851624,0.3445909917354584,0,-0.009890000335872173,-0.3445819914340973,0.9387040138244629,0,0.00007899999764049426,0.0871099978685379,0,1
B21,mixamorig_LeftHandMiddle3,20,0.9983519911766052,-0.05640900135040283,-0.01056700013577938,0,0.05649400129914284,0.9335150122642517,0.35405901074409485,0,-0.010107000358402729,-0.3540720045566559,0.9351630210876465,0,-0.000018000000636675395,0.09059199690818787,0,1
B22,mixamorig_LeftHandMiddle4,21,1,0,0,0,0,1,0,0,0,0,1,0,-0.000060999998822808266,0.06851799786090851,0,1
B23,mixamorig_LeftHandRing1,10,0.9981250166893005,-0.060175999999046326,-0.011219000443816185,0,0.05939900130033493,0.9078670144081116,0.41503000259399414,0,-0.014790000393986702,-0.4149180054664612,0.9097390174865723,0,0.08384600281715393,0.3343830108642578,-0.005733999889343977,1
B24,mixamorig_LeftHandRing2,23,0.9969379901885986,-0.07559599727392197,-0.020004000514745712,0,0.07575500011444092,0.8702149987220764,0.4868119955062866,0,-0.01939300075173378,-0.4868369996547699,0.873278021812439,0,-0.00008399999933317304,0.0867220014333725,0,1
B25,mixamorig_LeftHandRing3,24,0.996783971786499,-0.07750199735164642,-0.020383000373840332,0,0.0772939994931221,0.8626260161399841,0.49990299344062805,0,-0.021160999312996864,-0.4998700022697449,0.8658419847488403,0,0.00002300000051036477,0.07366199791431427,0,1
B26,mixamorig_LeftHandRing4,25,1,0,0,0,0,1,0,0,0,0,1,0,0.000060999998822808266,0.06601499766111374,0,1
B27,mixamorig_RightShoulder,3,-0.2742849886417389,0.018261000514030457,0.9614750146865845,0,-0.9438830018043518,-0.1964080035686493,-0.26553601026535034,0,0.18399199843406677,-0.980351984500885,0.07110799849033356,0,-0.18091900646686554,0.4529379904270172,-0.0052189999260008335,1
B28,mixamorig_RightArm,27,0.361735999584198,-0.9270510077476501,0.09860499948263168,0,0.7610859870910645,0.23257100582122803,-0.6055229902267456,0,0.5384190082550049,0.2940869927406311,0.7896950244903564,0,0,0.3877809941768646,0,1
B29,mixamorig_RightForeArm,28,0.9146530032157898,-0.40406298637390137,0.012005000375211239,0,0.40423598885536194,0.9143819808959961,-0.022345000877976418,0,-0.0019480000482872128,0.025290999561548233,0.9996780157089233,0,0,0.824383020401001,0,1
B30,mixamorig_RightHand,29,0.9905850291252136,-0.023969000205397606,-0.134785994887352,0,0.04744900017976761,0.9836379885673523,0.17379599809646606,0,0.12841400504112244,-0.17855499684810638,0.9755139946937561,0,0,0.9729139804840088,0,1
B31,mixamorig_RightHandThumb1,30,0.7316589951515198,-0.6786999702453613,0.06357300281524658,0,0.6750320196151733,0.7343599796295166,0.07104100286960602,0,-0.09490100294351578,-0.009064000099897385,0.9954450130462646,0,0.05396300181746483,0.121069997549057,0.047958001494407654,1
B32,mixamorig_RightHandThumb2,31,0.953997015953064,0.2945699989795685,-0.05584000051021576,0,-0.29025799036026,0.9540759921073914,0.07409200072288513,0,0.07510100305080414,-0.05447499826550484,0.9956870079040527,0,0.012768999673426151,0.11204399913549423,0,1
B33,mixamorig_RightHandThumb3,32,0.9591730237007141,-0.2820650041103363,-0.020633000880479813,0,0.2808440029621124,0.9585440158843994,-0.04816799983382225,0,0.03336400166153908,0.04040699824690819,0.9986259937286377,0,0.0060629998333752155,0.10374599695205688,0,1
B34,mixamorig_RightHandThumb4,33,1,0,0,0,0,1,0,0,0,0,1,0,-0.018830999732017517,0.08386299759149551,0,1
B35,mixamorig_RightHandIndex1,30,0.9997810125350952,0.020919999107718468,0.00033000000985339284,0,-0.02057899907231331,0.9803760051727295,0.19606000185012817,0,0.003777999896556139,-0.19602400064468384,0.9805920124053955,0,0.07777100056409836,0.3096190094947815,-0.0013790000230073929,1
B36,mixamorig_RightHandIndex2,35,0.9997000098228455,0.024303000420331955,0.0030249999836087227,0,-0.02439899928867817,0.9777290225028992,0.20844900608062744,0,0.002107999986037612,-0.2084600031375885,0.9780290126800537,0,0.0001900000061141327,0.09706299751996994,0,1
B37,mixamorig_RightHandIndex3,36,0.9998559951782227,0.016858000308275223,0.001740999985486269,0,-0.016851000487804413,0.9778839945793152,0.2084680050611496,0,0.0018119999440386891,-0.2084680050611496,0.9780279994010925,0,0.00018400000408291817,0.09129799902439117,0,1
B38,mixamorig_RightHandIndex4,37,1,0,0,0,0,1,0,0,0,0,1,0,-0.00037299998803064227,0.07652699947357178,0,1
B39,mixamorig_RightHandMiddle1,30,0.9994469881057739,0.03309100121259689,0.003386999946087599,0,-0.03258499875664711,0.9535359740257263,0.29951199889183044,0,0.006682000122964382,-0.29945701360702515,0.9540860056877136,0,0.0018119999440386891,0.3381420075893402,-0.004279999993741512,1
B40,mixamorig_RightHandMiddle2,39,0.9990959763526917,0.041652001440525055,0.008484000340104103,0,-0.04185499995946884,0.929144024848938,0.3673419952392578,0,0.007416999898850918,-0.3673650026321411,0.9300469756126404,0,0.0002469999890308827,0.09164199978113174,0,1
B41,mixamorig_RightHandMiddle3,40,0.9992089867591858,0.03910500183701515,0.007271999958902597,0,-0.0389540009200573,0.9251049757003784,0.37770700454711914,0,0.008042999543249607,-0.37769100069999695,0.9258970022201538,0,0.00007599999662488699,0.09171000123023987,0,1
B42,mixamorig_RightHandMiddle4,41,1,0,0,0,0,1,0,0,0,0,1,0,-0.0003220000071451068,0.07382400333881378,0,1
B43,mixamorig_RightHandRing1,30,0.9986640214920044,0.050446998327970505,0.011238999664783478,0,-0.04983999952673912,0.8824139833450317,0.4678269922733307,0,0.013682999648153782,-0.4677619934082031,0.8837490081787109,0,-0.07958199828863144,0.39254599809646606,-0.0006619999767281115,1
B44,mixamorig_RightHandRing2,43,0.9979919791221619,0.06088399887084961,0.01745299994945526,0,-0.06023100018501282,0.8271080255508423,0.5588060021400452,0,0.019587000831961632,-0.5587350130081177,0.8291149735450745,0,0.000007000000096013537,0.05954999849200249,0,1
B45,mixamorig_RightHandRing3,44,0.9967790246009827,0.07624299824237823,0.02487899921834469,0,-0.07671300321817398,0.8159409761428833,0.5730220079421997,0,0.02339000068604946,-0.5730850100517273,0.8191620111465454,0,-0.0002589999930933118,0.06425800174474716,0,1
B46,mixamorig_RightHandRing4,45,1,0,0,0,0,1,0,0,0,0,1,0,0.0002519999979995191,0.046144999563694,0,1
B47,mixamorig_LeftUpLeg,0,-0.9802320003509521,-0.1701270043849945,0.10100200027227402,0,0.19364500045776367,-0.9296619892120361,0.3134160041809082,0,0.0405769981443882,0.32677900791168213,0.944229006767273,0,0.2753230035305023,-0.1934559941291809,0.01234500017017126,1
B48,mixamorig_LeftLeg,47,0.9929839968681335,-0.0036140000447630882,-0.11819399893283844,0,-0.08559700101613998,0.6676470041275024,-0.7395409941673279,0,0.08158399909734726,0.7444689869880676,0.6626530289649963,0,0,1.5807199478149414,0,1
B49,mixamorig_LeftFoot,48,0.9197520017623901,-0.046507999300956726,-0.38973599672317505,0,0.3873339891433716,-0.05303499847650528,0.9204130172729492,0,-0.06347700208425522,-0.9975090026855469,-0.030765000730752945,0,0,1.5075010061264038,0,1
B50,mixamorig_LeftToeBase,49,0.9980239868164062,-0.0032140000257641077,0.0627480000257492,0,-0.0355679988861084,0.7943599820137024,0.6064050197601318,0,-0.05179300159215927,-0.6074389815330505,0.7926759719848633,0,0,0.5024359822273254,0,1
B51,mixamorig_LeftToe_End,50,1,0,0,0,0,1,0,0,0,0,1,0,0,0.19609799981117249,0,1
B52,mixamorig_RightUpLeg,0,-0.8462470173835754,0.31892600655555725,-0.42679300904273987,0,-0.5208500027656555,-0.6638489961624146,0.536674976348877,0,-0.11216700077056885,0.676455020904541,0.7278929948806763,0,-0.2753230035305023,-0.1934559941291809,0.012959999963641167,1
B53,mixamorig_RightLeg,52,0.9928810000419617,0.03091599978506565,0.11502499878406525,0,0.03515800088644028,0.8466230034828186,-0.5310310125350952,0,-0.11379999667406082,0.5312950015068054,0.8395090103149414,0,0,1.5804500579833984,0,1
B54,mixamorig_RightFoot,53,0.9622129797935486,0.272257000207901,-0.004720000084489584,0,-0.17030499875545502,0.6152390241622925,0.7697250247001648,0,0.2124669998884201,-0.7398359775543213,0.6383579969406128,0,0,1.5080410242080688,0,1
B55,mixamorig_RightToeBase,54,0.9981589913368225,0.000007000000096013537,-0.06064299866557121,0,0.031911998987197876,0.8502860069274902,0.5253520011901855,0,0.05156800150871277,-0.5263199806213379,0.8487210273742676,0,0,0.5005800127983093,0,1
B56,mixamorig_RightToe_End,55,1,0,0,0,0,1,0,0,0,0,1,0,0,0.19821199774742126,0,1
@46,0,1,2,3,4,5,7,8,9,10,11,12,13,15,16,17,19,20,21,23,24,25,27,28,29,30,31,32,33,35,36,37,39,40,41,43,44,45,47,48,49,50,52,53,54,55
K0,0.8376110196113586,0.09952212870121002,-0.5371248722076416,0,-0.05283287167549133,0.993414044380188,0.1016770750284195,0,0.5437060594558716,-0.05678793787956238,0.83735191822052,0,0.005011000204831362,3.1534969806671143,-0.05042000114917755,1,0.9991020560264587,0.041069917380809784,-0.01044410653412342,0,-0.04035408794879913,0.997298002243042,0.061383288353681564,0,0.012936894781887531,-0.06090671569108963,0.9980599880218506,0,0,0.3485249876976013,-0.025025000795722008,1,0.997637927532196,0.017621764913201332,-0.0663933977484703,0,-0.00027423209394328296,0.9675499796867371,0.25268104672431946,0,0.06869159638881683,-0.2520659267902374,0.965269148349762,0,0,0.40765899419784546,0,1,0.9976779818534851,-0.00007806400390109047,-0.0681033506989479,0,0.017287934198975563,0.9675339460372925,0.2521500289440155,0,0.06587264686822891,-0.2527419924736023,0.9652891159057617,0,0,0.46589699387550354,0,1,0.9936599731445312,-0.09957875311374664,0.05219386890530586,0,0.09352125227451324,0.9897559881210327,0.10787355899810791,0,-0.06240112707018852,-0.10230843722820282,0.9927939176559448,0,0,0.524133026599884,0,1,0.9288380742073059,-0.0808221697807312,0.36156269907951355,0,0.2302478551864624,0.8904929161071777,-0.3924393355846405,0,-0.2902512550354004,0.4477617144584656,0.8457330465316772,0,0,0.35804200172424316,0.10372699797153473,1,0.2712772786617279,0.09809501469135284,-0.9574899077415466,0,0.8327929973602295,0.4748277962207794,0.2845941483974457,0,0.48256006836891174,-0.8745948076248169,0.047117169946432114,0,0.18091900646686554,0.452921986579895,-0.005005999933928251,1,0.23243901133537292,0.7999927997589111,0.5531571507453918,0,-0.8690671920776367,0.426184743642807,-0.2511756420135498,0,-0.4366857707500458,-0.42234763503074646,0.7943093180656433,0,0,0.3877809941768646,0,1,0.8347499966621399,0.5503569841384888,-0.017302822321653366,0,-0.550616979598999,0.8341109156608582,-0.03287193179130554,0,-0.0036588236689567566,0.03696707263588905,0.9993100166320801,0,0,0.8244019746780396,0,1,0.9735990166664124,-0.01347540132701397,0.22786587476730347,0,0.008214597590267658,0.9996779561042786,0.024019990116357803,0,-0.22811610996723175,-0.021514007821679115,0.9733959436416626,0,0,0.973065972328186,0,1,0.7043567895889282,0.7069193124771118,-0.06439177691936493,0,-0.6936517357826233,0.7047162055969238,0.14907413721084595,0,0.15076124668121338,-0.060335882008075714,0.9867269992828369,0,-0.05845100060105324,0.12049999833106995,0.050172001123428345,1,0.9565950632095337,-0.2903919517993927,0.024482015520334244,0,0.29118508100509644,0.955825924873352,-0.0401131771504879,0,-0.011751987040042877,0.04550081491470337,0.998894989490509,0,-0.014241999946534634,0.11352399736642838,0,1,0.9795000553131104,0.20141300559043884,-0.003699562279507518,0,-0.20136798918247223,0.9784369468688965,-0.04595707356929779,0,-0.005636562593281269,0.04575992375612259,0.9989370703697205,0,-0.0026970000471919775,0.1019740030169487,0,1,0.9995899796485901,-0.028320975601673126,-0.004198198206722736,0,0.02852402627468109,0.972478985786438,0.2312370240688324,0,-0.0024661982897669077,-0.2312619537115097,0.9728879928588867,0,-0.08161800354719162,0.29488199949264526,-0.0000779999973019585,1,0.9992409944534302,-0.03868113085627556,-0.004606090951710939,0,0.038694869726896286,0.9719938635826111,0.23179732263088226,0,-0.004489090759307146,-0.2317996621131897,0.9727530479431152,0,0.00013899999612476677,0.10093799978494644,0,1,0.9994690418243408,-0.03235917165875435,-0.003935717511922121,0,0.03238982707262039,0.9722220301628113,0.23180779814720154,0,-0.0036747176200151443,-0.2318122237920761,0.9727540016174316,0,-0.00019099999917671084,0.09645900130271912,0,1,0.9992709159851074,-0.037851911038160324,-0.005054902285337448,0,0.03768409416079521,0.9559779763221741,0.2910098731517792,0,-0.006182901561260223,-0.2909880578517914,0.9567069411277771,0,-0.0022279999684542418,0.34484198689460754,-0.00020700000459328294,1,0.9984570145606995,-0.05470900237560272,-0.009563598781824112,0,0.05465099960565567,0.9371609687805176,0.3445911705493927,0,-0.009889598935842514,-0.34458184242248535,0.9387040734291077,0,0.00007899999764049426,0.0871099978685379,0,1,0.9983519315719604,-0.05640939250588417,-0.010567405261099339,0,0.0564936064183712,0.9335150718688965,0.3540588617324829,0,-0.010107406415045261,-0.3540721535682678,0.9351630210876465,0,-0.000018000000636675395,0.09059199690818787,0,1,0.9981249570846558,-0.060175858438014984,-0.011218695901334286,0,0.05939914658665657,0.9078670144081116,0.41502994298934937,0,-0.014789695851504803,-0.41491803526878357,0.9097389578819275,0,0.08384600281715393,0.3343830108642578,-0.005733999889343977,1,0.9969379901885986,-0.07559600472450256,-0.020004142075777054,0,0.07575500756502151,0.8702150583267212,0.48681190609931946,0,-0.01939314417541027,-0.48683714866638184,0.873278021812439,0,-0.00008399999933317304,0.0867220014333725,0,1,0.9967839121818542,-0.07750237733125687,-0.02038285881280899,0,0.07729361206293106,0.8626261353492737,0.49990278482437134,0,-0.021160859614610672,-0.49987030029296875,0.8658418655395508,0,0.00002300000051036477,0.07366199791431427,0,1,-0.2742851674556732,0.01826116070151329,0.9614750146865845,0,-0.9438830614089966,-0.19640801846981049,-0.26553624868392944,0,0.18399222195148468,-0.980351984500885,0.07110808044672012,0,-0.18091900646686554,0.4529379904270172,-0.0052189999260008335,1,0.36173608899116516,-0.9270509481430054,0.09860486537218094,0,0.7610858678817749,0.23257049918174744,-0.6055232882499695,0,0.5384188294410706,0.2940866947174072,0.7896952629089355,0,0,0.3877809941768646,0,1,0.9146531224250793,-0.40406277775764465,0.012004842050373554,0,0.40423622727394104,0.9143819212913513,-0.0223451629281044,0,-0.0019481597701087594,0.02529083751142025,0.9996780157089233,0,0,0.824383020401001,0,1,0.9905850887298584,-0.023969130590558052,-0.13478557765483856,0,0.04744886979460716,0.9836380481719971,0.17379596829414368,0,0.12841440737247467,-0.17855502665042877,0.9755139350891113,0,0,0.9729139804840088,0,1,0.7316591739654541,-0.6786997318267822,0.06357302516698837,0,0.6750322580337524,0.7343598008155823,0.0710410326719284,0,-0.09490098804235458,-0.00906397681683302,0.9954450130462646,0,0.05396300181746483,0.121069997549057,0.047958001494407654,1,0.9539969563484192,0.2945701777935028,-0.055840086191892624,0,-0.2902578115463257,0.9540760517120361,0.07409172505140305,0,0.07510090619325638,-0.054475266486406326,0.995686948299408,0,0.012768999673426151,0.11204399913549423,0,1,0.9591730237007141,-0.2820650637149811,-0.0206329096108675,0,0.28084394335746765,0.9585440754890442,-0.04816809296607971,0,0.03336409106850624,0.040406908839941025,0.9986259937286377,0,0.0060629998333752155,0.10374599695205688,0,1,0.9997810125350952,0.0209201592952013,0.00033004270517267287,0,-0.020578837022185326,0.9803760647773743,0.19606007635593414,0,0.0037780427373945713,-0.19602395594120026,0.9805920720100403,0,0.07777100056409836,0.3096190094947815,-0.0013790000230073929,1,0.9997000098228455,0.024302668869495392,0.003025118028745055,0,-0.024399327114224434,0.9777290225028992,0.2084488421678543,0,0.0021081180311739445,-0.20846016705036163,0.9780289530754089,0,0.0001900000061141327,0.09706299751996994,0,1,0.9998559951782227,0.016858240589499474,0.001740956213325262,0,-0.01685076206922531,0.9778839349746704,0.2084682583808899,0,0.0018119560554623604,-0.2084677517414093,0.9780280590057373,0,0.00018400000408291817,0.09129799902439117,0,1,0.9994469881057739,0.03309057652950287,0.0033866940066218376,0,-0.03258542716503143,0.9535358548164368,0.29951226711273193,0,0.006681694183498621,-0.29945674538612366,0.9540860652923584,0,0.0018119999440386891,0.3381420075893402,-0.004279999993741512,1,0.9990959763526917,0.041651904582977295,0.008484329096972942,0,-0.0418551079928875,0.9291440844535828,0.3673420548439026,0,0.00741732819005847,-0.36736491322517395,0.9300469756126404,0,0.0002469999890308827,0.09164199978113174,0,1,0.9992089867591858,0.03910515084862709,0.0072719561867415905,0,-0.03895385190844536,0.925105094909668,0.37770670652389526,0,0.0080429557710886,-0.3776912987232208,0.9258968830108643,0,0.00007599999662488699,0.09171000123023987,0,1,0.9986639618873596,0.05044718086719513,0.01123905275017023,0,-0.049839816987514496,0.8824139833450317,0.4678270220756531,0,0.01368305180221796,-0.4677619934082031,0.8837489485740662,0,-0.07958199828863144,0.39254599809646606,-0.0006619999767281115,1,0.9979919791221619,0.06088380515575409,0.017452845349907875,0,-0.06023119017481804,0.8271082043647766,0.5588058233261108,0,0.019586844369769096,-0.558735191822052,0.8291147947311401,0,0.000007000000096013537,0.05954999849200249,0,1,0.9967790842056274,0.076243095099926,0.024878550320863724,0,-0.07671291381120682,0.8159410357475281,0.5730220079421997,0,0.023389549925923347,-0.5730850100517273,0.8191619515419006,0,-0.0002589999930933118,0.06425800174474716,0,1,-0.9802318811416626,-0.17012740671634674,0.10100195556879044,0,0.19364459812641144,-0.9296619892120361,0.3134160041809082,0,0.04057704657316208,0.32677897810935974,0.944229006767273,0,0.2753230035305023,-0.1934559941291809,0.01234500017017126,1,0.9929839968681335,-0.003613875014707446,-0.11819373816251755,0,-0.08559687435626984,0.6676469445228577,-0.7395409941673279,0,0.08158425241708755,0.7444689273834229,0.6626530289649963,0,0,1.5807199478149414,0,1,0.9197522401809692,-0.04650827869772911,-0.38973546028137207,0,0.3873337507247925,-0.053035181015729904,0.9204131364822388,0,-0.06347647309303284,-0.9975090622901917,-0.030764982104301453,0,0,1.5075010061264038,0,1,0.9980239868164062,-0.003213878720998764,0.0627477690577507,0,-0.03556787595152855,0.7943598628044128,0.6064051389694214,0,-0.051793236285448074,-0.6074388027191162,0.7926760911941528,0,0,0.5024359822273254,0,1,-0.8462468385696411,0.3189258277416229,-0.4267931878566742,0,-0.5208500623703003,-0.663848876953125,0.5366749167442322,0,-0.11216674000024796,0.676455020904541,0.7278929948806763,0,-0.2753230035305023,-0.1934559941291809,0.012959999963641167,1,0.9928810596466064,0.03091594949364662,0.11502490937709808,0,0.0351579450070858,0.846622884273529,-0.53103107213974,0,-0.11380008608102798,0.5312948822975159,0.839509129524231,0,0,1.5804500579833984,0,1,0.9622130393981934,0.2722568213939667,-0.004720059689134359,0,-0.17030517756938934,0.6152389645576477,0.76972496509552,0,0.21246694028377533,-0.7398359179496765,0.6383581161499023,0,0,1.5080410242080688,0,1,0.9981589913368225,0.000006912048775120638,-0.060643237084150314,0,0.03191190958023071,0.8502861261367798,0.5253518223762512,0,0.05156776309013367,-0.5263201594352722,0.8487209677696228,0,0,0.5005800127983093,0,1
K0.034,0.8277520537376404,0.08778408914804459,-0.5541847944259644,0,-0.01582224853336811,0.9909446835517883,0.13333509862422943,0,0.5608710050582886,-0.10159990936517715,0.8216451406478882,0,-0.0589301697909832,3.122251033782959,-0.04377558082342148,1,0.9981068968772888,0.06059415638446808,-0.010508066043257713,0,-0.05980644002556801,0.9961761236190796,0.06368747353553772,0,0.014326978474855423,-0.06293848156929016,0.9979145526885986,0,0,0.3485249876976013,-0.025025000795722008,1,0.9966956377029419,0.05134310945868492,-0.06293624639511108,0,-0.03295048326253891,0.9638321399688721,0.26446661353111267,0,0.07423850893974304,-0.2615189254283905,0.9623389840126038,0,0,0.40765899419784546,0,1,0.9974126815795898,0.03226073831319809,-0.06423787027597427,0,-0.014014465734362602,0.9637588262557983,0.26640617847442627,0,0.0705043375492096,-0.26481685042381287,0.9617182016372681,0,0,0.46589699387550354,0,1,0.996524453163147,-0.06298427283763885,0.05452524870634079,0,0.0580427385866642,0.9944370985031128,0.08790229260921478,0,-0.059758350253105164,-0.08443192392587662,0.9946359395980835,0,0,0.524133026599884,0,1,0.9423849582672119,-0.09208503365516663,0.3216053545475006,0,0.24645225703716278,0.8411906957626343,-0.4813098907470703,0,-0.22621013224124908,0.5328398942947388,0.8154205083847046,0,0,0.35804200172424316,0.10372699797153473,1,0.1909821629524231,0.06273409724235535,-0.9795868396759033,0,0.8345581293106079,0.5149938464164734,0.195687934756279,0,0.5167574286460876,-0.8548949956893921,0.04599941149353981,0,0.18091900646686554,0.452921986579895,-0.005005999933928251,1,0.19825084507465363,0.7893143892288208,0.5811015367507935,0,-0.8631163239479065,0.42153024673461914,-0.27810347080230713,0,-0.46446332335472107,-0.44642433524131775,0.7648394703865051,0,0,0.3877809941768646,0,1,0.8035770058631897,0.5948915481567383,-0.01916397176682949,0,-0.5951727032661438,0.8028122186660767,-0.03553146496415138,0,-0.005752297583967447,0.03995813429355621,0.9991843700408936,0,0,0.8244019746780396,0,1,0.9751463532447815,-0.010945400223135948,0.22129029035568237,0,0.008225979283452034,0.9998785257339478,0.013206800445914268,0,-0.2214081585407257,-0.011058243922889233,0.9751187562942505,0,0,0.973065972328186,0,1,0.7043571472167969,0.7069200277328491,-0.06439198553562164,0,-0.6936519742012024,0.7047160267829895,0.14907364547252655,0,0.15076100826263428,-0.06033537536859512,0.9867269992828369,0,-0.05845100060105324,0.12049999833106995,0.050172001123428345,1,0.9565950632095337,-0.29039207100868225,0.02448202110826969,0,0.2911849319934845,0.9558249711990356,-0.040113165974617004,0,-0.01175198145210743,0.04550083726644516,0.998894989490509,0,-0.014241999946534634,0.11352399736642838,0,1,0.9794989824295044,0.2014128863811493,-0.003700054483488202,0,-0.20136810839176178,0.9784369468688965,-0.04595702141523361,0,-0.005636071786284447,0.04575997218489647,0.9989370703697205,0,-0.0026970000471919775,0.1019740030169487,0,1,0.9995899796485901,-0.028321973979473114,-0.004198315087705851,0,0.02852502651512623,0.972478985786438,0.2312370389699936,0,-0.0024663154035806656,-0.2312619537115097,0.9728879928588867,0,-0.08161800354719162,0.29488199949264526,-0.0000779999973019585,1,0.9992409944534302,-0.03868107125163078,-0.0046065812930464745,0,0.03869492933154106,0.9719939827919006,0.23179683089256287,0,-0.004488581325858831,-0.2317991405725479,0.9727529287338257,0,0.00013899999612476677,0.10093799978494644,0,1,0.9994690418243408,-0.03235867619514465,-0.003935663495212793,0,0.032389331609010696,0.9722219705581665,0.23180778324604034,0,-0.003674655221402645,-0.2318122237920761,0.9727540016174316,0,-0.00019099999917671084,0.09645900130271912,0,1,0.9992709159851074,-0.037851981818675995,-0.005054405424743891,0,0.037684015929698944,0.9559779763221741,0.2910098731517792,0,-0.0061833965592086315,-0.2909880578517914,0.9567069411277771,0,-0.0022279999684542418,0.34484198689460754,-0.00020700000459328294,1,0.9984570145606995,-0.05470891669392586,-0.009564094245433807,0,0.054651085287332535,0.9371609687805176,0.3445911407470703,0,-0.009889102540910244,-0.34458187222480774,0.9387040734291077,0,0.00007899999764049426,0.0871099978685379,0,1,0.9983519315719604,-0.05640948563814163,-0.010566910728812218,0,0.056493520736694336,0.9335150718688965,0.3540588617324829,0,-0.010107902809977531,-0.3540721535682678,0.9351630210876465,0,-0.000018000000636675395,0.09059199690818787,0,1,0.9981249570846558,-0.06017586216330528,-0.011218695901334286,0,0.05939915031194687,0.9078670144081116,0.41502994298934937,0,-0.014789695851504803,-0.41491803526878357,0.9097389578819275,0,0.08384600281715393,0.3343830108642578,-0.005733999889343977,1,0.9969379901885986,-0.07559585571289062,-0.020004650577902794,0,0.07575514167547226,0.8702151775360107,0.4868127107620239,0,-0.01939266175031662,-0.4868372678756714,0.8732768297195435,0,-0.00008399999933317304,0.0867220014333725,0,1,0.996783971786499,-0.07750288397073746,-0.020382994785904884,0,0.07729411125183105,0.8626260757446289,0.49990278482437134,0,-0.021160993725061417,-0.49987030029296875,0.8658418655395508,0,0.00002300000051036477,0.07366199791431427,0,1,-0.2976424992084503,0.029260894283652306,0.954229474067688,0,-0.9451957941055298,-0.14955438673496246,-0.2902386784553528,0,0.13421641290187836,-0.9883204102516174,0.07217088341712952,0,-0.18091900646686554,0.4529379904270172,-0.0052189999260008335,1,0.2524675130844116,-0.9674577116966248,-0.01688499189913273,0,0.7355083227157593,0.2032182663679123,-0.6463193893432617,0,0.6287184953689575,0.15075574815273285,0.7628797292709351,0,0,0.3877809941768646,0,1,0.9464429616928101,-0.32270780205726624,0.010247490368783474,0,0.32284635305404663,0.9462826251983643,-0.017846236005425453,0,-0.003937907051295042,0.020198829472064972,0.9997887015342712,0,0,0.824383020401001,0,1,0.9921018481254578,-0.06204076111316681,-0.10901641845703125,0,0.0644494891166687,0.9977453351020813,0.018708929419517517,0,0.10760990530252457,-0.025587212294340134,0.9938634634017944,0,0,0.9729139804840088,0,1,0.7316591143608093,-0.678699791431427,0.06357332319021225,0,0.6750322580337524,0.734359860420227,0.07104171812534332,0,-0.0949016660451889,-0.009064280427992344,0.9954450130462646,0,0.05396300181746483,0.121069997549057,0.047958001494407654,1,0.9539969563484192,0.2945702075958252,-0.05584058538079262,0,-0.2902577519416809,0.9540760517120361,0.07409179955720901,0,0.07510139793157578,-0.05447519198060036,0.995686948299408,0,0.012768999673426151,0.11204399913549423,0,1,0.9591730237007141,-0.2820650637149811,-0.020632412284612656,0,0.28084397315979004,0.9585440754890442,-0.04816801846027374,0,0.033363595604896545,0.040406979620456696,0.9986259937286377,0,0.0060629998333752155,0.10374599695205688,0,1,0.9997810125350952,0.0209201592952013,0.00033003854332491755,0,-0.020578837022185326,0.9803760647773743,0.19606007635593414,0,0.003778046928346157,-0.19602395594120026,0.9805920720100403,0,0.07777100056409836,0.3096190094947815,-0.0013790000230073929,1,0.9997000098228455,0.024302668869495392,0.003025118028745055,0,-0.024399327114224434,0.9777290225028992,0.2084488421678543,0,0.0021081180311739445,-0.20846016705036163,0.9780289530754089,0,0.0001900000061141327,0.09706299751996994,0,1,0.9998559951782227,0.016858236864209175,0.0017409516731277108,0,-0.016850758343935013,0.9778839349746704,0.2084682583808899,0,0.0018119598971679807,-0.2084677517414093,0.9780280590057373,0,0.00018400000408291817,0.09129799902439117,0,1,0.9994469881057739,0.033090077340602875,0.0033866185694932938,0,-0.03258493170142174,0.9535359144210815,0.29951211810112,0,0.006681618746370077,-0.2994568943977356,0.9540870785713196,0,0.0018119999440386891,0.3381420075893402,-0.004279999993741512,1,0.9990959763526917,0.04165191203355789,0.008484356105327606,0,-0.041855089366436005,0.9291430115699768,0.36734285950660706,0,0.007417356129735708,-0.36736610531806946,0.9300469756126404,0,0.0002469999890308827,0.09164199978113174,0,1,0.9992089867591858,0.03910522907972336,0.007271452806890011,0,-0.03895377367734909,0.9251061081886292,0.3777068853378296,0,0.008043443784117699,-0.3776910901069641,0.9258970022201538,0,0.00007599999662488699,0.09171000123023987,0,1,0.9986639618873596,0.05044718086719513,0.01123905275017023,0,-0.049839816987514496,0.8824139833450317,0.4678270220756531,0,0.01368305180221796,-0.4677619934082031,0.8837489485740662,0,-0.07958199828863144,0.39254599809646606,-0.0006619999767281115,1,0.9979919791221619,0.06088380143046379,0.017452821135520935,0,-0.060231197625398636,0.8271086812019348,0.5588054060935974,0,0.019586820155382156,-0.558734655380249,0.8291151523590088,0,0.000007000000096013537,0.05954999849200249,0,1,0.9967790842056274,0.07624305784702301,0.02487853169441223,0,-0.0767129436135292,0.8159418702125549,0.573022186756134,0,0.02338952198624611,-0.5730847716331482,0.819162130355835,0,-0.0002589999930933118,0.06425800174474716,0,1,-0.9682890176773071,-0.19946125149726868,0.15043486654758453,0,0.24294482171535492,-0.8921608924865723,0.380824476480484,0,0.05825239047408104,0.4052954912185669,0.9123277068138123,0,0.2753230035305023,-0.1934559941291809,0.01234500017017126,1,0.9941791296005249,-0.018794581294059753,-0.10608910024166107,0,-0.0698934867978096,0.6368557810783386,-0.7678081393241882,0,0.08199404180049896,0.7707533240318298,0.6318347454071045,0,0,1.5807199478149414,0,1,0.932955801486969,-0.09802424162626266,-0.34638741612434387,0,0.34332290291786194,-0.04711436852812767,0.9380345940589905,0,-0.1082700714468956,-0.994068443775177,-0.010301663540303707,0,0,1.5075010061264038,0,1,0.9980048537254333,-0.004003120586276054,0.063008613884449,0,-0.03637116774916649,0.7792956233024597,0.6256005167961121,0,-0.051606692373752594,-0.62664395570755,0.7775952219963074,0,0,0.5024359822273254,0,1,-0.8553689122200012,0.2894148826599121,-0.42963048815727234,0,-0.5105354189872742,-0.6114518046379089,0.6045495271682739,0,-0.08773274719715118,0.7364547252655029,0.6707736253738403,0,-0.2753230035305023,-0.1934559941291809,0.012959999963641167,1,0.9959901571273804,0.04188252240419388,0.07905349880456924,0,0.017408566549420357,0.7760223150253296,-0.6304659247398376,0,-0.08775278925895691,0.6293140649795532,0.7721814513206482,0,0,1.5804500579833984,0,1,0.9697345495223999,0.24416112899780273,0.00002360167673032265,0,-0.14379924535751343,0.5710492134094238,0.8082226514816284,0,0.19732321798801422,-0.7837653160095215,0.5888766646385193,0,0,1.5080410242080688,0,1,0.9981600642204285,0,-0.06064000353217125,0,0.03190372511744499,0.8504149913787842,0.5251448750495911,0,0.051568999886512756,-0.5261130332946777,0.848849892616272,0,0,0.5005800127983093,0,1
