2.367,30,71,41
B0,mixamorig_Hips,-1,0.6375400424003601,0.040301281958818436,0.7693628668785095,0,-0.1269208788871765,0.9904800057411194,0.05329025164246559,0,-0.759891152381897,-0.13162292540073395,0.6365859508514404,0,-0.010431000031530857,0.8247690200805664,0.010355000384151936,1
B1,mixamorig_Spine,0,0.998179018497467,-0.02534780092537403,-0.05473598092794418,0,0.03515919670462608,0.9818259477615356,0.18649598956108093,0,0.049013979732990265,-0.18808098137378693,0.980929970741272,0,0,0.10756199806928635,-0.00022499999613501132,1
B2,mixamorig_Spine1,1,0.9925029873847961,-0.06379109621047974,-0.10425681620836258,0,0.07415693253278732,0.9923419952392578,0.0987790897488594,0,0.09715719521045685,-0.10576992481946945,0.9896329641342163,0,0,0.1254889965057373,0,1
B3,mixamorig_Spine2,2,0.9925029873847961,-0.0637497752904892,-0.10428078472614288,0,0.05258624255657196,0.9929210543632507,-0.1065056324005127,0,0.11033224314451218,0.10022337734699249,0.9888290166854858,0,0,0.14341600239276886,0,1
B4,mixamorig_Neck,3,0.9866659641265869,0.0022935657761991024,-0.16274204850196838,0,0.0045705996453762054,0.9991160035133362,0.041791245341300964,0,0.16269397735595703,-0.041977815330028534,0.9857829809188843,0,0,0.16134299337863922,0,1
B5,mixamorig_Head,4,0.9176589846611023,-0.0896819680929184,-0.3871159851551056,0,0.056501131504774094,0.9937490224838257,-0.09628276526927948,0,0.39333099126815796,0.06648226082324982,0.9169899225234985,0,0,0.09068900346755981,-0.0007929999846965075,1
B6,mixamorig_HeadTop_End,5,1,0,0,0,0,1,0,0,0,0,1,0,0,0.23495300114154816,-0.002056000055745244,1
B7,mixamorig_LeftShoulder,3,0.29411864280700684,-0.039353687316179276,-0.9549580812454224,0,0.7184818983078003,-0.6498059034347534,0.24806444346904755,0,-0.6303000450134277,-0.7590808868408203,-0.1628451645374298,0,0.0779310017824173,0.13742400705814362,0.001420999993570149,1
B8,mixamorig_LeftArm,7,-0.8166159987449646,-0.0015816976083442569,-0.5771802067756653,0,-0.08757245540618896,0.98875892162323,0.12119117379188538,0,0.5704999566078186,0.14951160550117493,-0.8075742125511169,0,0,0.15975899994373322,0,1
B9,mixamorig_LeftForeArm,8,0.7938750386238098,-0.49204081296920776,-0.35729295015335083,0,0.4048202633857727,0.8660959601402283,-0.2932547926902771,0,0.45374321937561035,0.08816822618246078,0.886759877204895,0,0,0.17114800214767456,0,1
B10,mixamorig_LeftHand,9,0.9992719888687134,-0.002169968793168664,-0.03808324784040451,0,0.00682900520041585,0.9924279451370239,0.12263911217451096,0,0.03752874583005905,-0.12280987203121185,0.9917200207710266,0,0,0.30470600724220276,0,1
B11,mixamorig_LeftHandThumb1,10,0.6690831780433655,-0.714780867099762,-0.2035088986158371,0,0.6629190444946289,0.6977919340133667,-0.27134108543395996,0,0.33595606684684753,0.046639833599328995,0.9407219886779785,0,-0.02053700014948845,0.042208001017570496,0,1
B12,mixamorig_LeftHandThumb2,11,0.9502429962158203,0.26413214206695557,0.16514384746551514,0,-0.24215583503246307,0.9598230719566345,-0.14177489280700684,0,-0.19595612585544586,0.09473002701997757,0.9760259389877319,0,-0.0040870001539587975,0.037328001111745834,0,1
B13,mixamorig_LeftHandThumb3,12,0.9570289254188538,0.2888560891151428,-0.02563524805009365,0,-0.28997087478637695,0.95427006483078,-0.07270482182502747,0,0.0034617180936038494,0.07701410353183746,0.9970239996910095,0,0.0009239999926649034,0.024248000234365463,0,1
B14,mixamorig_LeftHandThumb4,13,1,0,0,0,0,1,0,0,0,0,1,0,0.003163000103086233,0.018588999286293983,0,1
B15,mixamorig_LeftHandIndex1,10,0.9934930205345154,-0.10930793732404709,0.03197992220520973,0,0.10812406241893768,0.993461012840271,0.03666919097304344,0,-0.03577905893325806,-0.032972805202007294,0.9988160133361816,0,0,0.0692249983549118,0.0002629999944474548,1
B16,mixamorig_LeftHandIndex2,15,0.99965500831604,-0.02623899094760418,-0.0010507665574550629,0,0.026085995137691498,0.9968340396881104,-0.07510965317487717,0,0.0030182423070073128,0.07505635172128677,0.9971749782562256,0,-0.00039900001138448715,0.031268998980522156,0,1
B17,mixamorig_LeftHandIndex3,16,0.9999009966850281,-0.013589728623628616,-0.0035870245192199945,0,0.013048270717263222,0.992387056350708,-0.12246697396039963,0,0.005224009044468403,0.12240802496671677,0.9924659729003906,0,-0.0002300000051036477,0.019347000867128372,0,1
B18,mixamorig_LeftHandIndex4,17,1,0,0,0,0,1,0,0,0,0,1,0,0.0006280000088736415,0.023427000269293785,0,1
B19,mixamorig_RightShoulder,3,0.395664244890213,0.07313120365142822,0.9154788851737976,0,-0.7082909941673279,-0.6102399230003357,0.35486671328544617,0,0.5846139192581177,-0.7888339161872864,-0.1896519809961319,0,-0.0779310017824173,0.13742999732494354,-0.001521000056527555,1
B20,mixamorig_RightArm,19,-0.5676056146621704,-0.5250710844993591,0.6341320872306824,0,-0.38812100887298584,0.849928081035614,0.356349915266037,0,-0.7260757684707642,-0.04385378211736679,-0.6862150430679321,0,0,0.15975899994373322,0,1
B21,mixamorig_RightForeArm,20,0.556542158126831,0.7453656792640686,0.36700233817100525,0,-0.6319841146469116,0.6665496230125427,-0.3953583538532257,0,-0.5393117666244507,-0.011906038038432598,0.842022180557251,0,0,0.17016799747943878,0,1
B22,mixamorig_RightHand,21,0.809475839138031,0.5858243107795715,0.03949036821722984,0,-0.5870746970176697,0.8064322471618652,0.07078181207180023,0,0.0096193952485919,-0.08047996461391449,0.9967100620269775,0,0,0.30983099341392517,0,1
B23,mixamorig_RightHandThumb1,22,0.26060813665390015,0.7223330736160278,0.6405608654022217,0,-0.5919268131256104,0.643699049949646,-0.48505014181137085,0,-0.7626969218254089,-0.25275734066963196,0.5953220725059509,0,0.020779000595211983,0.042420998215675354,0,1
B24,mixamorig_RightHandThumb2,23,0.9581679701805115,-0.20436112582683563,-0.2003759890794754,0,0.1828349083662033,0.9756930470466614,-0.12080869823694229,0,0.220194011926651,0.07911928743124008,0.972241997718811,0,0.0033599999733269215,0.03764000162482262,0,1
B25,mixamorig_RightHandThumb3,24,0.6325650811195374,-0.7601820230484009,0.1482757031917572,0,0.770175039768219,0.5971698760986328,-0.22409597039222717,0,0.08180784434080124,0.25595322251319885,0.9632209539413452,0,0.0016469999682158232,0.02457600086927414,0,1
B26,mixamorig_RightHandThumb4,25,1,0,0,0,0,1,0,0,0,0,1,0,-0.005005999933928251,0.01875000074505806,0,1
B27,mixamorig_RightHandIndex1,22,0.9495660662651062,0.3130926489830017,-0.017247218638658524,0,-0.26895520091056824,0.7849581241607666,-0.5581247210502625,0,-0.16120645403862,0.534615159034729,0.8295778036117554,0,0,0.07564499974250793,0.0002699999895412475,1
B28,mixamorig_RightHandIndex2,27,0.9596740007400513,0.2645060122013092,-0.09519200772047043,0,-0.19477596879005432,0.38148003816604614,-0.9036229252815247,0,-0.20269997417926788,0.8857250213623047,0.417616069316864,0,0.0009519999730400741,0.02841700054705143,0,1
B29,mixamorig_RightHandIndex3,28,0.9340938925743103,0.33011510968208313,-0.13599015772342682,0,-0.28266969323158264,0.4511227309703827,-0.8465142846107483,0,-0.21809881925582886,0.8291637897491455,0.5147043466567993,0,-0.0010339999571442604,0.020186999812722206,0,1
B30,mixamorig_RightHandIndex4,29,1,0,0,0,0,1,0,0,0,0,1,0,0.00008099999831756577,0.02274099923670292,0,1
B31,mixamorig_LeftUpLeg,0,-0.6385939121246338,0.01313192117959261,0.7694319486618042,0,0.5896978378295898,-0.6340441107749939,0.5002439618110657,0,0.49442291259765625,0.773185133934021,0.3971528708934784,0,0.09473499655723572,-0.061400000005960464,-0.01775299943983555,1
B32,mixamorig_LeftLeg,31,0.9322260022163391,-0.24916519224643707,-0.26243287324905396,0,-0.025709113106131554,0.6777672171592712,-0.7348268032073975,0,0.3609619438648224,0.6917721629142761,0.6254268884658813,0,0,0.42371100187301636,0,1
B33,mixamorig_LeftFoot,32,0.8677141070365906,-0.04423085227608681,0.4950917959213257,0,-0.3767131268978119,0.5912920236587524,0.7130650281906128,0,-0.3242832124233246,-0.805243968963623,0.49640995264053345,0,0,0.3882890045642853,0,1
B34,mixamorig_LeftToeBase,33,0.9939590692520142,-0.08803890645503998,0.06553484499454498,0,0.03081793151795864,0.796970784664154,0.6032313704490662,0,-0.10533716529607773,-0.5975674986839294,0.7948693037033081,0,0,0.1716659963130951,0,1
B35,mixamorig_LeftToe_End,34,1,0,0,0,0,1,0,0,0,0,1,0,0,0.06791199743747711,0,1
B36,mixamorig_RightUpLeg,0,-0.9026720523834229,0.3496958613395691,-0.2507880628108978,0,-0.4292801022529602,-0.7723959684371948,0.46810612082481384,0,-0.0300129447132349,0.5302048325538635,0.8473381400108337,0,-0.09473499655723572,-0.061400000005960464,-0.00788899976760149,1
B37,mixamorig_RightLeg,36,0.9948870539665222,0.005549752153456211,0.10084597766399384,0,0.08164786547422409,0.5435411930084229,-0.8354018926620483,0,-0.05945020169019699,0.8393641114234924,0.5403087735176086,0,0,0.42372599244117737,0,1
B38,mixamorig_RightFoot,37,0.8464270234107971,0.4653148949146271,-0.2589280605316162,0,0.21415087580680847,0.14774511754512787,0.9655619263648987,0,0.48754599690437317,-0.8727278709411621,0.02540789172053337,0,0,0.3883950114250183,0,1
B39,mixamorig_RightToeBase,38,0.9885259866714478,0.05247574299573898,-0.14164000749588013,0,0.03252483904361725,0.8417677879333496,0.5388593077659607,0,0.14750514924526215,-0.5372836589813232,0.830403208732605,0,0,0.1835460066795349,0,1
B40,mixamorig_RightToe_End,39,1,0,0,0,0,1,0,0,0,0,1,0,0,0.07267499715089798,0,1
@34,0,1,2,3,4,5,7,8,9,10,11,12,13,15,16,17,19,20,21,22,23,24,25,27,28,29,31,32,33,34,36,37,38,39
K0,0.6375401020050049,0.04030124098062515,0.7693628668785095,0,-0.12692075967788696,0.9904800057411194,0.05329019948840141,0,-0.759891152381897,-0.1316227912902832,0.6365859508514404,0,-0.010431000031530857,0.8247690200805664,0.010355000384151936,1,0.998179018497467,-0.02534780092537403,-0.054735999554395676,0,0.03515920042991638,0.9818259477615356,0.18649600446224213,0,0.04901399835944176,-0.18808099627494812,0.980929970741272,0,0,0.10756199806928635,-0.00022499999613501132,1,0.9925029873847961,-0.06379108130931854,-0.10425680875778198,0,0.07415691763162613,0.9923419952392578,0.09877907484769821,0,0.09715718775987625,-0.10576990246772766,0.9896329641342163,0,0,0.1254889965057373,0,1,0.9925029873847961,-0.0637497678399086,-0.10428076982498169,0,0.052586235105991364,0.9929210543632507,-0.1065056324005127,0,0.11033222824335098,0.10022337734699249,0.9888290166854858,0,0,0.14341600239276886,0,1,0.9866659641265869,0.0022935797460377216,-0.1627420336008072,0,0.0045705800876021385,0.9991160035133362,0.04179121553897858,0,0.16269396245479584,-0.04197778180241585,0.9857829809188843,0,0,0.16134299337863922,0,1,0.9176589846611023,-0.08968191593885422,-0.3871159851551056,0,0.056501083076000214,0.9937490224838257,-0.09628273546695709,0,0.39333096146583557,0.06648225337266922,0.9169899821281433,0,0,0.09068900346755981,-0.0007929999846965075,1,0.2941187024116516,-0.039353642612695694,-0.9549581408500671,0,0.718481719493866,-0.6498062610626221,0.24806447327136993,0,-0.6303002834320068,-0.7590807676315308,-0.1628454327583313,0,0.0779310017824173,0.13742400705814362,0.001420999993570149,1,-0.8166160583496094,-0.0015815915539860725,-0.5771801471710205,0,-0.08757241815328598,0.98875892162323,0.12119130790233612,0,0.5704998970031738,0.1495116800069809,-0.8075742125511169,0,0,0.15975899994373322,0,1,0.7938750982284546,-0.492040753364563,-0.35729286074638367,0,0.40482020378112793,0.8660959601402283,-0.2932547628879547,0,0.4537431299686432,0.08816826343536377,0.8867599368095398,0,0,0.17114800214767456,0,1,0.9992719888687134,-0.0021699818316847086,-0.03808325156569481,0,0.006829018238931894,0.9924279451370239,0.12263911217451096,0,0.03752874583005905,-0.12280987203121185,0.9917200207710266,0,0,0.30470600724220276,0,1,0.6690831184387207,-0.714780867099762,-0.2035089135169983,0,0.6629190444946289,0.6977918744087219,-0.27134114503860474,0,0.3359561264514923,0.046639833599328995,0.9407219886779785,0,-0.02053700014948845,0.042208001017570496,0,1,0.9502429962158203,0.26413217186927795,0.16514386236667633,0,-0.24215582013130188,0.9598230719566345,-0.14177493751049042,0,-0.19595614075660706,0.09473005682229996,0.9760259389877319,0,-0.0040870001539587975,0.037328001111745834,0,1,0.9570289254188538,0.2888561189174652,-0.02563527226448059,0,-0.28997090458869934,0.95427006483078,-0.07270485907793045,0,0.003461729036644101,0.07701414078474045,0.9970239996910095,0,0.0009239999926649034,0.024248000234365463,0,1,0.9934930205345154,-0.10930794477462769,0.03197992965579033,0,0.10812406986951828,0.993461012840271,0.03666919469833374,0,-0.03577907010912895,-0.03297280892729759,0.9988159537315369,0,0,0.0692249983549118,0.0002629999944474548,1,0.99965500831604,-0.026238998398184776,-0.0010507616680115461,0,0.026086002588272095,0.9968340396881104,-0.07510965317487717,0,0.003018238116055727,0.07505635172128677,0.9971749782562256,0,-0.00039900001138448715,0.031268998980522156,0,1,0.9999009966850281,-0.013589727692306042,-0.0035870082210749388,0,0.013048271648585796,0.992387056350708,-0.12246698141098022,0,0.005223992746323347,0.12240803241729736,0.9924659729003906,0,-0.0002300000051036477,0.019347000867128372,0,1,0.3956640660762787,0.07313128560781479,0.9154790043830872,0,-0.7082912921905518,-0.6102399230003357,0.35486674308776855,0,0.5846138596534729,-0.7888341546058655,-0.18965186178684235,0,-0.0779310017824173,0.13742999732494354,-0.001521000056527555,1,-0.5676057934761047,-0.5250710248947144,0.6341322064399719,0,-0.38812100887298584,0.8499281406402588,0.3563498556613922,0,-0.7260757684707642,-0.04385380446910858,-0.6862152218818665,0,0,0.15975899994373322,0,1,0.5565420985221863,0.7453656792640686,0.36700233817100525,0,-0.6319842338562012,0.666549563407898,-0.3953581750392914,0,-0.5393116474151611,-0.011906214989721775,0.8420222401618958,0,0,0.17016799747943878,0,1,0.809475839138031,0.5858243703842163,0.03949042409658432,0,-0.5870747566223145,0.8064321875572205,0.07078192383050919,0,0.009619421325623989,-0.08048009127378464,0.9967100620269775,0,0,0.30983099341392517,0,1,0.26060786843299866,0.7223330736160278,0.6405608654022217,0,-0.5919266939163208,0.6436989903450012,-0.48505035042762756,0,-0.7626970410346985,-0.25275740027427673,0.5953218340873718,0,0.020779000595211983,0.042420998215675354,0,1,0.9581679701805115,-0.20436109602451324,-0.2003759741783142,0,0.18283487856388092,0.9756930470466614,-0.12080870568752289,0,0.2201939970254898,0.07911929488182068,0.972241997718811,0,0.0033599999733269215,0.03764000162482262,0,1,0.6325650811195374,-0.7601819634437561,0.1482757180929184,0,0.7701749801635742,0.5971699357032776,-0.22409583628177643,0,0.08180771768093109,0.2559531629085541,0.9632209539413452,0,0.0016469999682158232,0.02457600086927414,0,1,0.9495660662651062,0.3130926787853241,-0.017247356474399567,0,-0.2689552903175354,0.7849581241607666,-0.5581247210502625,0,-0.16120636463165283,0.5346152782440186,0.8295778036117554,0,0,0.07564499974250793,0.0002699999895412475,1,0.9596740007400513,0.2645060122013092,-0.09519198536872864,0,-0.19477595388889313,0.38148003816604614,-0.9036229848861694,0,-0.20269998908042908,0.8857250213623047,0.417616069316864,0,0.0009519999730400741,0.02841700054705143,0,1,0.9340938925743103,0.33011528849601746,-0.13599002361297607,0,-0.28266966342926025,0.4511227011680603,-0.8465142846107483,0,-0.21809904277324677,0.8291637897491455,0.5147043466567993,0,-0.0010339999571442604,0.020186999812722206,0,1,-0.638593852519989,0.013131896033883095,0.7694320678710938,0,0.5896978974342346,-0.6340441703796387,0.5002439022064209,0,0.4944230020046234,0.773185133934021,0.397152841091156,0,0.09473499655723572,-0.061400000005960464,-0.01775299943983555,1,0.9322259426116943,-0.24916520714759827,-0.2624329626560211,0,-0.025709211826324463,0.6777672171592712,-0.7348268628120422,0,0.36096200346946716,0.6917721629142761,0.6254268288612366,0,0,0.42371100187301636,0,1,0.8677141070365906,-0.04423098266124725,0.4950917363166809,0,-0.3767130374908447,0.5912920236587524,0.7130650877952576,0,-0.32428327202796936,-0.805243968963623,0.49640989303588867,0,0,0.3882890045642853,0,1,0.9939590096473694,-0.08803898841142654,0.065534807741642,0,0.030818015336990356,0.7969707250595093,0.6032314300537109,0,-0.10533718764781952,-0.5975675582885742,0.7948692440986633,0,0,0.1716659963130951,0,1,-0.9026720523834229,0.34969592094421387,-0.2507880926132202,0,-0.4292801320552826,-0.7723959684371948,0.46810615062713623,0,-0.03001290373504162,0.5302048921585083,0.847338080406189,0,-0.09473499655723572,-0.061400000005960464,-0.00788899976760149,1,0.9948870539665222,0.005549764726310968,0.10084585845470428,0,0.08164776116609573,0.5435412526130676,-0.8354018926620483,0,-0.05945014953613281,0.8393641114234924,0.5403088331222534,0,0,0.42372599244117737,0,1,0.8464270830154419,0.4653148651123047,-0.2589280307292938,0,0.21415084600448608,0.14774511754512787,0.9655619263648987,0,0.4875459372997284,-0.8727279305458069,0.025407923385500908,0,0,0.3883950114250183,0,1,0.9885260462760925,0.05247577279806137,-0.14163993299007416,0,0.032524771988391876,0.8417677879333496,0.5388593673706055,0,0.14750508964061737,-0.537283718585968,0.830403208732605,0,0,0.1835460066795349,0,1
K0.033,0.6212766170501709,0.04412277042865753,0.7823482751846313,0,-0.12574321031570435,0.9910879731178284,0.04395968094468117,0,-0.7734361886978149,-0.12568607926368713,0.6212878227233887,0,-0.01059400849044323,0.8255529999732971,0.009067977778613567,1,0.9982119798660278,-0.025485729798674583,-0.054062891751527786,0,0.035131268203258514,0.9819680452346802,0.18575188517570496,0,0.048354025930166245,-0.18731911480426788,0.9811079502105713,0,0,0.10756199806928635,-0.00022499999613501132,1,0.9926819801330566,-0.06318679451942444,-0.10290403664112091,0,0.0732651799917221,0.9925550222396851,0.09730088710784912,0,0.09598980098962784,-0.10412812978029251,0.989920973777771,0,0,0.1254889965057373,0,1,0.9926820397377014,-0.06314674019813538,-0.10292860120534897,0,0.0519542470574379,0.992790937423706,-0.10801146179437637,0,0.10900722444057465,0.10187352448701859,0.9888070821762085,0,0,0.14341600239276886,0,1,0.9848650097846985,-0.0005836448981426656,-0.17332220077514648,0,0.008885297924280167,0.9988489151000977,0.04712522029876709,0,0.17309525609016418,-0.047952018678188324,0.9837369322776794,0,0,0.16134299337863922,0,1,0.9167660474777222,-0.09600921720266342,-0.3877147436141968,0,0.06176215782761574,0.9930809140205383,-0.09987618029117584,0,0.3946213126182556,0.0676170065999031,0.9163528680801392,0,0,0.09068900346755981,-0.0007929999846965075,1,0.256799578666687,-0.0387810617685318,-0.9656860828399658,0,0.7156950831413269,-0.663853108882904,0.21698057651519775,0,-0.649488091468811,-0.7468569278717041,-0.1427217423915863,0,0.0779310017824173,0.13742400705814362,0.001420999993570149,1,-0.818930983543396,0.0005457624210976064,-0.5738918781280518,0,-0.07010354101657867,0.9924150109291077,0.10097997635602951,0,0.5695939660072327,0.1229274719953537,-0.8126810193061829,0,0,0.15975899994373322,0,1,0.7756697535514832,-0.5027333498001099,-0.38156989216804504,0,0.4131360650062561,0.8614919781684875,-0.2952108681201935,0,0.47713175415992737,0.07134588062763214,0.875930666923523,0,0,0.17114800214767456,0,1,0.999396026134491,-0.004343218170106411,-0.034488726407289505,0,0.009116988629102707,0.990181028842926,0.1394922435283661,0,0.03354422003030777,-0.13972234725952148,0.9896219372749329,0,0,0.30470600724220276,0,1,0.6690838932991028,-0.7147802114486694,-0.20350897312164307,0,0.6629179120063782,0.697792112827301,-0.27134090662002563,0,0.33595606684684753,0.04664009436964989,0.9407219886779785,0,-0.02053700014948845,0.042208001017570496,0,1,0.9498550891876221,0.26553481817245483,0.16512903571128845,0,-0.2434222400188446,0.9593909382820129,-0.142530158162117,0,-0.1962699592113495,0.09518687427043915,0.9759190678596497,0,-0.0040870001539587975,0.037328001111745834,0,1,0.9566100835800171,0.29024365544319153,-0.025617094710469246,0,-0.29135435819625854,0.9538088440895081,-0.07321405410766602,0,0.0031838957220315933,0.07750096172094345,0.996986985206604,0,0.0009239999926649034,0.024248000234365463,0,1,0.99309903383255,-0.11283493787050247,0.03198575973510742,0,0.11198025941848755,0.9933339357376099,0.02736455202102661,0,-0.03486020863056183,-0.023593932390213013,0.9991140365600586,0,0,0.0692249983549118,0.0002629999944474548,1,0.9995560050010681,-0.02978314831852913,-0.0006699383375234902,0,0.02962004765868187,0.9959830045700073,-0.08450444042682648,0,0.0031840556766837835,0.08444707840681076,0.9964230060577393,0,-0.00039900001138448715,0.031268998980522156,0,1,0.9998460412025452,-0.017232049256563187,-0.0033518194686621428,0,0.016640150919556618,0.9911379218101501,-0.1317932903766632,0,0.005593182984739542,0.13171720504760742,0.9912719130516052,0,-0.0002300000051036477,0.019347000867128372,0,1,0.36641058325767517,0.07722283154726028,0.927243173122406,0,-0.712252676486969,-0.6179491877555847,0.33291882276535034,0,0.5986983776092529,-0.7824167013168335,-0.17142094671726227,0,-0.0779310017824173,0.13742999732494354,-0.001521000056527555,1,-0.5756903886795044,-0.5694050192832947,0.5868203639984131,0,-0.43168163299560547,0.821158766746521,0.37329474091529846,0,-0.6944288015365601,-0.03841741383075714,-0.7185351252555847,0,0,0.15975899994373322,0,1,0.4834575355052948,0.8042564988136292,0.3456006348133087,0,-0.6842162013053894,0.5934446454048157,-0.4238772392272949,0,-0.5460010170936584,-0.031538888812065125,0.8371909260749817,0,0,0.17016799747943878,0,1,0.8954876065254211,0.44253599643707275,0.047582849860191345,0,-0.4449958801269531,0.8880154490470886,0.1157870888710022,0,0.008985654450953007,-0.12486011534929276,0.9921339154243469,0,0,0.30983099341392517,0,1,0.2606090307235718,0.7223328351974487,0.6405602097511292,0,-0.5919271111488342,0.6436997056007385,-0.4850502908229828,0,-0.7626959085464478,-0.2527562975883484,0.5953221321105957,0,0.020779000595211983,0.042420998215675354,0,1,0.9581679701805115,-0.20436114072799683,-0.20037591457366943,0,0.18283483386039734,0.9756929874420166,-0.12080920487642288,0,0.22019405663013458,0.07911980152130127,0.972241997718811,0,0.0033599999733269215,0.03764000162482262,0,1,0.6325643658638,-0.7601818442344666,0.14827550947666168,0,0.7701751589775085,0.5971696376800537,-0.22409528493881226,0,0.08180750906467438,0.25595271587371826,0.9632210731506348,0,0.0016469999682158232,0.02457600086927414,0,1,0.9495660066604614,0.313091903924942,-0.0172476377338171,0,-0.26895514130592346,0.784959077835083,-0.558124840259552,0,-0.16120564937591553,0.534615159034729,0.8295779824256897,0,0,0.07564499974250793,0.0002699999895412475,1,0.9596740007400513,0.2645059823989868,-0.09519223123788834,0,-0.1947759985923767,0.3814789354801178,-0.9036240577697754,0,-0.20270021259784698,0.8857259154319763,0.4176149368286133,0,0.0009519999730400741,0.02841700054705143,0,1,0.9340930581092834,0.33011573553085327,-0.13599048554897308,0,-0.28267019987106323,0.45112183690071106,-0.8465139865875244,0,-0.2180994600057602,0.8291638493537903,0.5147039890289307,0,-0.0010339999571442604,0.020186999812722206,0,1,-0.6361832618713379,0.0040989830158650875,0.7715266942977905,0,0.5882821083068848,-0.6444260478019714,0.4885077476501465,0,0.49919432401657104,0.7646558880805969,0.4075618386268616,0,0.09473499655723572,-0.061400000005960464,-0.01775299943983555,1,0.9385120868682861,-0.23170888423919678,-0.25594064593315125,0,-0.031245218589901924,0.6812822222709656,-0.731353759765625,0,0.343828946352005,0.6943812370300293,0.6321517825126648,0,0,0.42371100187301636,0,1,0.8678990006446838,-0.056379932910203934,0.4935300946235657,0,-0.36841461062431335,0.5933781862258911,0.7156630754470825,0,-0.33319899439811707,-0.802946925163269,0.4942210912704468,0,0,0.3882890045642853,0,1,0.9940979480743408,-0.0849573165178299,0.06746013462543488,0,0.027327580377459526,0.797907829284668,0.6021603345870972,0,-0.10498488694429398,-0.5967627763748169,0.7955201864242554,0,0,0.1716659963130951,0,1,-0.9012869596481323,0.35341477394104004,-0.2505592703819275,0,-0.4324871599674225,-0.7676888704299927,0.4728718400001526,0,-0.025231676176190376,0.5345571637153625,0.8447558283805847,0,-0.09473499655723572,-0.061400000005960464,-0.00788899976760149,1,0.9941109418869019,0.01597094163298607,0.10718032717704773,0,0.08137577027082443,0.543121874332428,-0.8357009887695312,0,-0.07155895233154297,0.8395018577575684,0.5386240482330322,0,0,0.42372599244117737,0,1,0.8532969951629639,0.45456600189208984,-0.25544777512550354,0,0.21040914952754974,0.14806781709194183,0.9663350582122803,0,0.47708699107170105,-0.878320038318634,0.030701011419296265,0,0,0.3883950114250183,0,1,0.9885259866714478,0.052476666867733,-0.1416390836238861,0,0.03252366930246353,0.8417670726776123,0.5388598442077637,0,0.14750486612319946,-0.5372841954231262,0.8304029107093811,0,0,0.1835460066795349,0,1
K0.067,0.5948712825775146,0.04767000302672386,0.8024057149887085,0,-0.12108501046895981,0.9921630024909973,0.030824288725852966,0,-0.7946488857269287,-0.11549593508243561,0.5959821939468384,0,-0.011408991180360317,0.827534019947052,0.006829021964222193,1,0.998426079750061,-0.025779979303479195,-0.049814943224191666,0,0.034651018679142,0.9818689823150635,0.1863681823015213,0,0.044107142835855484,-0.1878008246421814,0.9812160730361938,0,0,0.10756199806928635,-0.00022499999613501132,1,0.9935809969902039,-0.06226692721247673,-0.0944460928440094,0,0.07158809900283813,0.9925339221954346,0.09874983876943588,0,0.08759206533432007,-0.10487713664770126,0.990619957447052,0,0,0.1254889965057373,0,1,0.9935809969902039,-0.062229860574007034,-0.09446968883275986,0,0.05204014107584953,0.9929239153862,-0.1067371740937233,0,0.10044346749782562,0.10113582760095596,0.9897889494895935,0,0,0.14341600239276886,0,1,0.9808740615844727,0.003927789628505707,-0.1946038156747818,0,0.007755844853818417,0.9982140064239502,0.05923975631594658,0,0.1944887936115265,-0.059616006910800934,0.9790909886360168,0,0,0.16134299337863922,0,1,0.9141219854354858,-0.11682047694921494,-0.38824403285980225,0,0.0785241425037384,0.9904710650444031,-0.11314185708761215,0,0.3977619409561157,0.0729389637708664,0.9145850539207458,0,0,0.09068900346755981,-0.0007929999846965075,1,0.22243128716945648,-0.037752341479063034,-0.9742169380187988,0,0.7098692059516907,-0.6786758899688721,0.18837563693523407,0,-0.6682894229888916,-0.7334675192832947,-0.12415957450866699,0,0.0779310017824173,0.13742400705814362,0.001420999993570149,1,-0.821557879447937,0.0024027046747505665,-0.5701201558113098,0,-0.050399914383888245,0.9957699179649353,0.0768241286277771,0,0.567892849445343,0.0918494239449501,-0.8179611563682556,0,0,0.15975899994373322,0,1,0.7449382543563843,-0.5257688760757446,-0.4106498062610626,0,0.4341895878314972,0.84943026304245,-0.29991385340690613,0,0.5065035820007324,0.04511737450957298,0.8610562086105347,0,0,0.17114800214767456,0,1,0.9993529915809631,-0.014352836646139622,-0.03296502307057381,0,0.019671959802508354,0.985728919506073,0.1671840101480484,0,0.03009502962231636,-0.16772443056106567,0.9853740930557251,0,0,0.30470600724220276,0,1,0.6690831184387207,-0.714780867099762,-0.2035089135169983,0,0.6629190444946289,0.6977918744087219,-0.27134114503860474,0,0.3359561264514923,0.046639833599328995,0.9407219886779785,0,-0.02053700014948845,0.042208001017570496,0,1,0.9487838745117188,0.2693633437156677,0.16508497297763824,0,-0.24687856435775757,0.9581990838050842,-0.14458806812763214,0,-0.19713100790977478,0.09642689675092697,0.9756240248680115,0,-0.0040870001539587975,0.037328001111745834,0,1,0.9554550051689148,0.29402709007263184,-0.02556990273296833,0,-0.29512685537338257,0.9525410532951355,-0.07460290938615799,0,0.002421104582026601,0.07882606238126755,0.9968850016593933,0,0.0009239999926649034,0.024248000234365463,0,1,0.9919459819793701,-0.12252875417470932,0.03208161145448685,0,0.12252804636955261,0.9924629926681519,0.0019962384831160307,0,-0.03208440914750099,0.0019507367396727204,0.9994829893112183,0,0,0.0692249983549118,0.0002629999944474548,1,0.9992160201072693,-0.03958102688193321,0.0005375638138502836,0,0.039399776607751846,0.9931460022926331,-0.11003878712654114,0,0.003821569262072444,0.1099737137556076,0.993927001953125,0,-0.00039900001138448715,0.031268998980522156,0,1,0.9996269941329956,-0.027213163673877716,-0.0024981540627777576,0,0.026482637971639633,0.9872190356254578,-0.1571526676416397,0,0.006742842961102724,0.15702781081199646,0.9875710606575012,0,-0.0002300000051036477,0.019347000867128372,0,1,0.32371246814727783,0.08365309983491898,0.9424498081207275,0,-0.7107480764389038,-0.635994553565979,0.300579309463501,0,0.6245377659797668,-0.7671461701393127,-0.1464231312274933,0,-0.0779310017824173,0.13742999732494354,-0.001521000056527555,1,-0.5905687212944031,-0.5838119983673096,0.5571283102035522,0,-0.4822034239768982,0.8088701963424683,0.33646446466445923,0,-0.6470764875411987,-0.06994380056858063,-0.7592095732688904,0,0,0.15975899994373322,0,1,0.45436644554138184,0.832378625869751,0.31732743978500366,0,-0.7038280367851257,0.553801417350769,-0.4448924958705902,0,-0.5460559129714966,-0.021199729293584824,0.8374810218811035,0,0,0.17016799747943878,0,1,0.9403456449508667,0.3362549841403961,0.051794737577438354,0,-0.34016409516334534,0.9320035576820374,0.12512771785259247,0,-0.0061980667524039745,-0.13528208434581757,0.9907879829406738,0,0,0.30983099341392517,0,1,0.2606087327003479,0.7223332524299622,0.6405609250068665,0,-0.5919268727302551,0.6436991691589355,-0.48504987359046936,0,-0.7626960873603821,-0.25275692343711853,0.5953219532966614,0,0.020779000595211983,0.042420998215675354,0,1,0.9581679701805115,-0.20436114072799683,-0.20037591457366943,0,0.18283483386039734,0.9756929874420166,-0.12080920487642288,0,0.22019405663013458,0.07911980152130127,0.972241997718811,0,0.0033599999733269215,0.03764000162482262,0,1,0.6325650215148926,-0.7601820230484009,0.148275226354599,0,0.7701749801635742,0.5971699357032776,-0.22409607470035553,0,0.08180820196866989,0.255952924489975,0.9632209539413452,0,0.0016469999682158232,0.02457600086927414,0,1,0.9495660662651062,0.3130926787853241,-0.017247356474399567,0,-0.2689552903175354,0.7849581241607666,-0.5581247210502625,0,-0.16120636463165283,0.5346152782440186,0.8295778036117554,0,0,0.07564499974250793,0.0002699999895412475,1,0.959674060344696,0.2645067572593689,-0.09519312530755997,0,-0.194777250289917,0.38147976994514465,-0.9036229848861694,0,-0.20270013809204102,0.8857249617576599,0.4176160991191864,0,0.0009519999730400741,0.02841700054705143,0,1,0.9340929388999939,0.3301151990890503,-0.1359902024269104,0,-0.2826697826385498,0.4511220157146454,-0.8465139865875244,0,-0.2180991917848587,0.8291639089584351,0.5147039890289307,0,-0.0010339999571442604,0.020186999812722206,0,1,-0.6294242739677429,-0.01248880848288536,0.7769619226455688,0,0.5881130695343018,-0.6611698269844055,0.46580836176872253,0,0.5078860521316528,0.750132143497467,0.42350083589553833,0,0.09473499655723572,-0.061400000005960464,-0.01775299943983555,1,0.9467380046844482,-0.2062300592660904,-0.24729691445827484,0,-0.038574714213609695,0.6898251175880432,-0.7229480147361755,0,0.3196853697299957,0.6939821243286133,0.6451286673545837,0,0,0.42371100187301636,0,1,0.8676749467849731,-0.0738479420542717,0.4916170537471771,0,-0.3557872772216797,0.5984356999397278,0.7178370952606201,0,-0.3472117781639099,-0.7977598905563354,0.492973268032074,0,0,0.3882890045642853,0,1,0.9942939877510071,-0.07995627075433731,0.07061858475208282,0,0.02162383869290352,0.7993051409721375,0.6005359292030334,0,-0.1044623851776123,-0.5955820679664612,0.79647296667099,0,0,0.1716659963130951,0,1,-0.9004830121994019,0.3557518422603607,-0.2501410245895386,0,-0.4343911111354828,-0.7633429765701294,0.47813495993614197,0,-0.020846005529165268,0.5392109155654907,0.841912031173706,0,-0.09473499655723572,-0.061400000005960464,-0.00788899976760149,1,0.9925940036773682,0.03237879276275635,0.11708058416843414,0,0.08060096949338913,0.5455459356307983,-0.8341959714889526,0,-0.09088312089443207,0.8374549746513367,0.5388960242271423,0,0,0.42372599244117737,0,1,0.8645834922790527,0.4356839060783386,-0.25035008788108826,0,0.20454677939414978,0.14992018043994904,0.9673078060150146,0,0.45897313952445984,-0.8875269293785095,0.04050077870488167,0,0,0.3883950114250183,0,1,0.9885259866714478,0.05247689038515091,-0.14164015650749207,0,0.03252388909459114,0.8417680263519287,0.5388590097427368,0,0.14750583469867706,-0.5372830033302307,0.8304030895233154,0,0,0.1835460066795349,0,1
K0.100,0.5587238073348999,0.046462029218673706,0.8280511498451233,0,-0.11339496821165085,0.9933329820632935,0.020776744931936264,0,-0.8215648531913757,-0.10550525039434433,0.5602671504020691,0,-0.013040999881923199,0.830407977104187,0.0036009997129440308,1,0.9987949728965759,-0.026203103363513947,-0.041497524827718735,0,0.03354589641094208,0.9816849827766418,0.18753597140312195,0,0.03582347184419632,-0.1887020468711853,0.9813809990882874,0,0,0.10756199806928635,-0.00022499999613501132,1,0.9951300024986267,-0.06039166823029518,-0.07790441066026688,0,0.06817732751369476,0.9924970269203186,0.1014929711818695,0,0.07119058072566986,-0.10631003230810165,0.9917809963226318,0,0,0.1254889965057373,0,1,0.9951300024986267,-0.060361091047525406,-0.0779285728931427,0,0.052075907588005066,0.9931820034980774,-0.10429102927446365,0,0.08369240909814835,0.09972497075796127,0.9914889931678772,0,0,0.14341600239276886,0,1,0.974111020565033,0.014935034327208996,-0.22557690739631653,0,0.0008510330808348954,0.9975659847259521,0.06972204148769379,0,0.22606907784938812,-0.0681089535355568,0.9717269539833069,0,0,0.16134299337863922,0,1,0.9080387949943542,-0.1485179364681244,-0.39167332649230957,0,0.10635505616664886,0.9861380457878113,-0.1273629516363144,0,0.4051596522331238,0.07399405539035797,0.911247193813324,0,0,0.09068900346755981,-0.0007929999846965075,1,0.18816807866096497,-0.03508620336651802,-0.9815099239349365,0,0.7025100588798523,-0.6935768723487854,0.15947361290454865,0,-0.6863477826118469,-0.7195282578468323,-0.10586056858301163,0,0.0779310017824173,0.13742400705814362,0.001420999993570149,1,-0.8210490942001343,0.003683870192617178,-0.5708458423614502,0,-0.029847867786884308,0.9983340501785278,0.04937287047505379,0,0.570077121257782,0.057576119899749756,-0.819571852684021,0,0,0.15975899994373322,0,1,0.7050480246543884,-0.5539079308509827,-0.442825049161911,0,0.46210306882858276,0.8325079083442688,-0.3056012690067291,0,0.5379299521446228,0.010832751169800758,0.8429200649261475,0,0,0.17114800214767456,0,1,0.9990789890289307,-0.027337782084941864,-0.03305812180042267,0,0.03345721960067749,0.9788879156112671,0.20163823664188385,0,0.026847880333662033,-0.2025587558746338,0.9789019823074341,0,0,0.30470600724220276,0,1,0.6690841317176819,-0.714780867099762,-0.20350901782512665,0,0.6629180908203125,0.6977918744087219,-0.271340936422348,0,0.33595603704452515,0.046640075743198395,0.9407219886779785,0,-0.02053700014948845,0.042208001017570496,0,1,0.9471668601036072,0.2750411629676819,0.16500431299209595,0,-0.2520018517971039,0.956398069858551,-0.14763878285884857,0,-0.19841668009757996,0.09825722873210907,0.9751800298690796,0,-0.0040870001539587975,0.037328001111745834,0,1,0.9537120461463928,0.2996368706226349,-0.02550983987748623,0,-0.3007180988788605,0.9506270289421082,-0.07666006684303284,0,0.001280158874578774,0.0807829275727272,0.9967310428619385,0,0.0009239999926649034,0.024248000234365463,0,1,0.990039050579071,-0.13697291910648346,0.03258592635393143,0,0.13810908794403076,0.9897759556770325,-0.03562523052096367,0,-0.027373075485229492,0.03977078199386597,0.9988340735435486,0,0,0.0692249983549118,0.0002629999944474548,1,0.9985339641571045,-0.054052237421274185,0.002783768344670534,0,0.053869761526584625,0.9875521063804626,-0.14778083562850952,0,0.005238768178969622,0.14771413803100586,0.9890159964561462,0,-0.00039900001138448715,0.031268998980522156,0,1,0.9991179704666138,-0.041978973895311356,-0.0008052418124862015,0,0.04102001711726189,0.9800270199775696,-0.19458778202533722,0,0.00895775854587555,0.19438320398330688,0.9808850288391113,0,-0.0002300000051036477,0.019347000867128372,0,1,0.2553388178348541,0.09176911413669586,0.9624870419502258,0,-0.7025881409645081,-0.6662670969963074,0.24991588294506073,0,0.664207935333252,-0.7400451898574829,-0.10564804077148438,0,-0.0779310017824173,0.13742999732494354,-0.001521000056527555,1,-0.6398172378540039,-0.5379288792610168,0.548876941204071,0,-0.5055861473083496,0.8325030207633972,0.2265438586473465,0,-0.5788061022758484,-0.13255789875984192,-0.8046189546585083,0,0,0.15975899994373322,0,1,0.47715601325035095,0.8340520262718201,0.2769090533256531,0,-0.6894680261611938,0.5506608486175537,-0.4705372452735901,0,-0.544935941696167,0.03359977528452873,0.8378040194511414,0,0,0.17016799747943878,0,1,0.9649450778961182,0.2552276849746704,0.061157867312431335,0,-0.26081231236457825,0.9585278630256653,0.11489497125148773,0,-0.029297130182385445,-0.12681801617145538,0.9914929270744324,0,0,0.30983099341392517,0,1,0.2606087327003479,0.7223332524299622,0.6405609250068665,0,-0.5919268727302551,0.6436991691589355,-0.48504987359046936,0,-0.7626960873603821,-0.25275692343711853,0.5953219532966614,0,0.020779000595211983,0.042420998215675354,0,1,0.9581679701805115,-0.20436210930347443,-0.2003759741783142,0,0.1828358918428421,0.9756931066513062,-0.12080883234739304,0,0.22019405663013458,0.07911918312311172,0.972241997718811,0,0.0033599999733269215,0.03764000162482262,0,1,0.6325650215148926,-0.7601820230484009,0.148275226354599,0,0.7701749801635742,0.5971699357032776,-0.22409607470035553,0,0.08180820196866989,0.255952924489975,0.9632209539413452,0,0.0016469999682158232,0.02457600086927414,0,1,0.9495660662651062,0.31309282779693604,-0.017246872186660767,0,-0.26895514130592346,0.7849581241607666,-0.558124840259552,0,-0.16120688617229462,0.5346152186393738,0.8295778036117554,0,0,0.07564499974250793,0.0002699999895412475,1,0.9596740007400513,0.26450586318969727,-0.09519323706626892,0,-0.19477714598178864,0.38148033618927,-0.9036227464675903,0,-0.20269925892353058,0.8857250809669495,0.417616605758667,0,0.0009519999730400741,0.02841700054705143,0,1,0.9340929388999939,0.3301151990890503,-0.1359902024269104,0,-0.2826697826385498,0.4511220157146454,-0.8465139865875244,0,-0.2180991917848587,0.8291639089584351,0.5147039890289307,0,-0.0010339999571442604,0.020186999812722206,0,1,-0.6230530738830566,-0.03537498787045479,0.781378984451294,0,0.5892059803009033,-0.6782451272010803,0.43911299109458923,0,0.5144330263137817,0.733984112739563,0.4434259235858917,0,0.09473499655723572,-0.061400000005960464,-0.01775299943983555,1,0.958076000213623,-0.16437222063541412,-0.2346736639738083,0,-0.0535462349653244,0.7019127011299133,-0.710247278213501,0,0.2814653515815735,0.6930367350578308,0.6636841893196106,0,0,0.42371100187301636,0,1,0.8665079474449158,-0.10100072622299194,0.4888381063938141,0,-0.33542874455451965,0.6074301600456238,0.7200800180435181,0,-0.36966392397880554,-0.7879261374473572,0.49246495962142944,0,0,0.3882890045642853,0,1,0.9944999814033508,-0.07294085621833801,0.07516565173864365,0,0.013491134159266949,0.8008779883384705,0.5986749529838562,0,-0.103866346180439,-0.5943679809570312,0.7974569201469421,0,0,0.1716659963130951,0,1,-0.9027838110923767,0.350631982088089,-0.24907644093036652,0,-0.42969098687171936,-0.7603929042816162,0.4869990646839142,0,-0.018638521432876587,0.5466809272766113,0.8371341228485107,0,-0.09473499655723572,-0.061400000005960464,-0.00788899976760149,1,0.9901220202445984,0.053070068359375,0.12977370619773865,0,0.0793420672416687,0.5510452389717102,-0.8306947946548462,0,-0.11559627950191498,0.8327862620353699,0.5413916110992432,0,0,0.42372599244117737,0,1,0.8791548609733582,0.4092280864715576,-0.24416911602020264,0,0.19722509384155273,0.15397508442401886,0.9681909680366516,0,0.433806836605072,-0.8993460536003113,0.05465790629386902,0,0,0.3883950114250183,0,1,0.9885260462760925,0.05247575044631958,-0.14163996279239655,0,0.032524749636650085,0.8417680263519287,0.5388590097427368,0,0.1475050449371338,-0.5372830629348755,0.8304029107093811,0,0,0.1835460066795349,0,1
