1.217,30,36,12
B0,Bone,-1,1,1.017762318866744e-9,-5.607299957688383e-9,0,5.345540010637251e-9,0.1735682487487793,0.9848217368125916,0,1.9755634905749275e-9,-0.9848217368125916,0.1735682487487793,0,0,0.026369085535407066,0.007206449750810862,1
B1,Bone.001,0,0.9562063217163086,0.10758855193853378,-0.27220240235328674,0,0.2926933467388153,-0.35148248076438904,0.8892638683319092,0,2.422878253582894e-7,-0.9299916625022888,-0.36758026480674744,0,0.32522061467170715,-0.35179829597473145,0.23538510501384735,1
B2,Bone.002,1,-0.9753410816192627,-0.21919216215610504,0.02577935717999935,0,-0.1996128261089325,0.9259293675422668,0.3206396996974945,0,-0.0941515564918518,0.3075871169567108,-0.9468503594398499,0,-2.977368929180102e-8,0.32136160135269165,-5.2125489702348204e-8,1
B3,Bone.005,0,0.9971961975097656,0.06543950736522675,0.036295607686042786,0,-0.07198621332645416,0.9713594317436218,0.2264488786458969,0,-0.02043737657368183,-0.2284267246723175,0.9733465909957886,0,-4.440889980918258e-16,1,0,1
B4,Bone.006,3,0.9937644600868225,-0.08932589739561081,-0.06673169881105423,0,0.08970031142234802,0.9959652423858643,0.0026297932490706444,0,0.06622754782438278,-0.008599250577390194,0.9977675080299377,0,7.450580152834618e-9,1.2602770328521729,-1.4305122190971797e-11,1
B5,Bone.007,4,-0.9987724423408508,-0.01769930124282837,-0.046269308775663376,0,-0.0191794540733099,0.9993122220039368,0.03174412623047829,0,0.045675624161958694,0.032592564821243286,-0.9984247088432312,0,-7.447003902427696e-9,0.8850126266479492,-1.4886895272070433e-8,1
B6,Bone.008,3,-0.6370469927787781,-0.04934062063694,0.7692444324493408,0,0.7137282490730286,0.33916953206062317,0.612826406955719,0,-0.29114148020744324,0.9394305944442749,-0.18085116147994995,0,0.6276596188545227,0.6082401275634766,-0.502997875213623,1
B7,Bone.009,6,0.8843658566474915,-0.2718272805213928,0.37948182225227356,0,0.31981897354125977,0.9450058937072754,-0.06840542703866959,0,-0.34001821279525757,0.18186098337173462,0.9226667881011963,0,-1.7878539892990375e-7,1.651921033859253,-5.949015857709128e-8,1
B8,Bone.010,3,-0.5026165246963501,0.4430948793888092,-0.7423232793807983,0,-0.6305359601974487,0.3995506167411804,0.6654198169708252,0,0.5914398431777954,0.8025124669075012,0.07856646180152893,0,-0.7072460055351257,0.6119340062141418,-0.516164243221283,1
B9,Bone.011,8,0.8890130519866943,0.19650401175022125,0.41357219219207764,0,-0.25520560145378113,0.9625732898712158,0.09123340249061584,0,-0.3801657557487488,-0.18665361404418945,0.9058890342712402,0,-2.8610244381943595e-11,1.651921033859253,1.7869956536742393e-7,1
B10,Bone.003,0,0.9562063217163086,-0.1137642189860344,0.269679456949234,0,-0.292693167924881,-0.3716602921485901,0.8810213804244995,0,4.432365869888599e-7,-0.9213716983795166,-0.38868197798728943,0,-0.31377071142196655,-0.35179829597473145,0.23538510501384735,1
B11,Bone.004,10,-0.9753614068031311,0.21912503242492676,-0.025572683662176132,0,0.19986853003501892,0.9267654418945312,0.3180519938468933,0,0.09339310228824615,0.30510470271110535,-0.9477280378341675,0,1.4886895272070433e-8,0.3213616907596588,7.152585381614562e-12,1
@12,0,1,2,3,4,5,6,7,8,9,10,11
K0,1,0,0,0,0,0.26362404227256775,0.9646254181861877,0,0,-0.9646254181861877,0.26362404227256775,0,0,1.119907021522522,-0.39221280813217163,1,0.9562062621116638,0.20488621294498444,-0.2090240716934204,0,0.2926933765411377,-0.6693461537361145,0.6828660368919373,0,0,-0.7141407132148743,-0.7000017762184143,0,0.32522061467170715,-0.35179829597473145,0.23538510501384735,1,-0.9765495657920837,-0.2152438759803772,0.00457145506516099,0,-0.21464401483535767,0.9750357270240784,0.056863803416490555,0,-0.016696911305189133,0.054549068212509155,-0.9983711242675781,0,0,0.32136160135269165,0,1,1,0,-0.0000052450827752181794,0,0,0.9999762773513794,-0.006882048211991787,0,0.0000052452069212449715,0.006882048211991787,0.9999762773513794,0,0,1,0,1,1,0,0,0,0,0.9999970197677612,-0.0024376818910241127,0,0,0.0024376818910241127,0.9999970197677612,0,0,1.2602770328521729,0,1,-1,0,-0.000005393211722548585,0,-0.0000010385909945398453,0.9802005290985107,0.19800786674022675,0,0.000005292348305374617,0.19800782203674316,-0.9802003502845764,0,0,0.885012686252594,0,1,0.7708147764205933,-0.1950937658548355,0.6064513921737671,0,0.6182466745376587,0.45871859788894653,-0.6382383108139038,0,-0.15367422997951508,0.8669000267982483,0.47420307993888855,0,0.6276596784591675,0.6082401871681213,-0.502997875213623,1,0.9345058798789978,-0.11558995395898819,0.33665746450424194,0,0.0788184106349945,0.98952317237854,0.12096172571182251,0,-0.34711217880249023,-0.08650460839271545,0.9338254928588867,0,0,1.651919960975647,0,1,0.7708199620246887,0.5126194357872009,-0.37823033332824707,0,-0.6182399392127991,0.4587186574935913,-0.6382448673248291,0,-0.15367542207241058,0.72580885887146,0.6705112457275391,0,-0.7072460055351257,0.608240008354187,-0.503004789352417,1,0.8383461833000183,-0.055418964475393295,0.5423139929771423,0,-0.026406075805425644,0.98952317237854,0.14193950593471527,0,-0.5444983243942261,-0.1333148032426834,0.8280994892120361,0,0,1.651919960975647,0,1,0.9562062621116638,-0.20488569140434265,0.2090246081352234,0,-0.2926934063434601,-0.669346272945404,0.682866096496582,0,0,-0.7141408920288086,-0.7000016570091248,0,-0.31377071142196655,-0.35179829597473145,0.23538510501384735,1,-0.976549506187439,0.21524396538734436,-0.0045728799887001514,0,0.2146439254283905,0.9750352501869202,0.05686378851532936,0,0.016698308289051056,0.05454877018928528,-0.9983711242675781,0,0,0.3213616907596588,0,1
K0.034,1,0,0,0,0,0.26509231328964233,0.9642229676246643,0,0,-0.9642229676246643,0.26509231328964233,0,0,1.1201459169387817,-0.39221280813217163,1,0.9562062621116638,0.2041620910167694,-0.20973142981529236,0,0.29269343614578247,-0.6669806241989136,0.6851770281791687,0,0,-0.7165575623512268,-0.6975279450416565,0,0.32522061467170715,-0.35179829597473145,0.23538510501384735,1,-0.9765463471412659,-0.21525435149669647,0.004759072791785002,0,-0.2146042287349701,0.9749057292938232,0.0591973140835762,0,-0.017382118850946426,0.05678757280111313,-0.9982346892356873,0,0,0.32136160135269165,0,1,0.9999997615814209,0.0006246694247238338,0.0001899726630654186,0,-0.0006237471825443208,0.9999881982803345,-0.004816542845219374,0,-0.00019297917606309056,0.004816423170268536,0.9999883770942688,0,0,1,0,1,0.9999995231628418,-0.0007656736415810883,-0.0006072391988709569,0,0.0007642263663001359,0.9999969005584717,-0.002380110789090395,0,0.0006090597598813474,0.002379645826295018,0.999997079372406,0,0,1.2602770328521729,0,1,-0.9999999403953552,-0.00014079452375881374,-0.0004149216692894697,0,-0.0002196112764067948,0.9804885983467102,0.19657647609710693,0,0.0003791491035372019,0.1965765357017517,-0.9804885983467102,0,0,0.8850130438804626,0,1,0.7632570862770081,-0.19506043195724487,0.6159467101097107,0,0.626363217830658,0.4572005271911621,-0.6313768029212952,0,-0.15845456719398499,0.8677091002464294,0.47114020586013794,0,0.6276596188545227,0.6082401871681213,-0.502997875213623,1,0.9348926544189453,-0.11722363531589508,0.33501365780830383,0,0.08103138208389282,0.9894506931304932,0.12008868902921677,0,-0.34555676579475403,-0.08512341976165771,0.9345290660858154,0,0,1.6519207954406738,0,1,0.7657318711280823,0.5127265453338623,-0.3882865309715271,0,-0.6264451146125793,0.4578341543674469,-0.6308363080024719,0,-0.1456756889820099,0.7262915372848511,0.6717731356620789,0,-0.7072461247444153,0.6082724332809448,-0.5031198263168335,1,0.8384760022163391,-0.05314528942108154,0.5423410534858704,0,-0.028382636606693268,0.9896234273910522,0.14085596799850464,0,-0.5441991090774536,-0.13349737226963043,0.8282668590545654,0,0,1.6519207954406738,0,1,0.9562062621116638,-0.20420236885547638,0.20969220995903015,0,-0.2926934063434601,-0.6671138405799866,0.6850472092628479,0,0,-0.7164219617843628,-0.6976670622825623,0,-0.31377071142196655,-0.35179829597473145,0.23538510501384735,1,-0.9765462875366211,0.2152542918920517,-0.004758759867399931,0,0.214604452252388,0.9749063849449158,0.05917574465274811,0,0.017377179116010666,0.056766610592603683,-0.9982357621192932,0,0,0.3213616907596588,0,1
K0.068,1,0,0,0,0,0.2688369154930115,0.9631856083869934,0,0,-0.9631856083869934,0.2688369154930115,0,0,1.120755672454834,-0.39221280813217163,1,0.9562062621116638,0.20230157673358917,-0.21152660250663757,0,0.2926934063434601,-0.6609023213386536,0.6910416483879089,0,0,-0.722690761089325,-0.6911712288856506,0,0.32522061467170715,-0.35179829597473145,0.23538510501384735,1,-0.9765374064445496,-0.21528296172618866,0.005238093435764313,0,-0.2144952267408371,0.9745495319366455,0.06515529006719589,0,-0.019131604582071304,0.06250302493572235,-0.9978610873222351,0,0,0.32136160135269165,0,1,0.9999974370002747,0.0022153586614876986,0.0006994814029894769,0,-0.0022156769409775734,0.9999975562095642,0.00045458367094397545,0,-0.0006984724896028638,-0.00045613222755491734,0.9999996423721313,0,0,1,0,1,0.9999938607215881,-0.002721440279856324,-0.0021545058116316795,0,0.002716626739129424,0.9999937415122986,-0.002234002575278282,0,0.0021605724468827248,0.0022281361743807793,0.9999951720237732,0,0,1.2602770328521729,0,1,-0.9999988675117493,-0.0005008623702451587,-0.0014597951667383313,0,-0.0007730796351097524,0.9812142252922058,0.19292119145393372,0,0.0013357445131987333,0.19292204082012177,-0.9812132716178894,0,0,0.8850129842758179,0,1,0.7432079315185547,-0.1948777288198471,0.6400503516197205,0,0.6469376087188721,0.45328378677368164,-0.6131927967071533,0,-0.17062687873840332,0.8698024749755859,0.46295788884162903,0,0.6276596188545227,0.6082402467727661,-0.502997875213623,1,0.9358019828796387,-0.12146922945976257,0.33093762397766113,0,0.08679446578025818,0.989252507686615,0.11766959726810455,0,-0.3416741192340851,-0.08139188587665558,0.9362873435020447,0,0,1.651921033859253,0,1,0.7519912123680115,0.5129509568214417,-0.41399335861206055,0,-0.6472283601760864,0.45555490255355835,-0.6111999750137329,0,-0.12491890043020248,0.7275651097297668,0.6745695471763611,0,-0.7072461247444153,0.6083548069000244,-0.5034133791923523,1,0.8388703465461731,-0.047245413064956665,0.5422770977020264,0,-0.03352203592658043,0.9898514151573181,0.13809652626514435,0,-0.5432981848716736,-0.13402330875396729,0.8287732601165771,0,0,1.651921033859253,0,1,0.956206202507019,-0.20244738459587097,0.2113870233297348,0,-0.2926934063434601,-0.661380410194397,0.6905840635299683,0,0,-0.7222123742103577,-0.6916710734367371,0,-0.31377071142196655,-0.35179829597473145,0.23538510501384735,1,-0.9765375852584839,0.21528267860412598,-0.005233337637037039,0,0.21449656784534454,0.9745538234710693,0.06507818400859833,0,0.01911037787795067,0.06242877244949341,-0.9978659749031067,0,0,0.32136163115501404,0,1
K0.101,1,0,0,0,0,0.27483904361724854,0.9614903330802917,0,0,-0.9614903330802917,0.27483904361724854,0,0,1.1217342615127563,-0.39221280813217163,1,0.9562062621116638,0.19927917420864105,-0.21437637507915497,0,0.2926934063434601,-0.651028573513031,0.7003517150878906,0,0,-0.7324271202087402,-0.6808452010154724,0,0.32522061467170715,-0.35179829597473145,0.23538510501384735,1,-0.9765217900276184,-0.2153347283601761,0.006007316522300243,0,-0.214298278093338,0.9739060401916504,0.07472258806228638,0,-0.0219409242272377,0.07168085128068924,-0.9971861243247986,0,0,0.32136160135269165,0,1,0.9999876022338867,0.004758225753903389,0.0015482460148632526,0,-0.004771842155605555,0.9999489784240723,0.008913434110581875,0,-0.0015057545388117433,-0.008920709602534771,0.9999590516090393,0,0,1,0,1,0.9999719858169556,-0.005864592269062996,-0.0046318285167217255,0,0.005855368450284004,0.9999808669090271,-0.0020026271231472492,0,0.004643484950065613,0.001975450199097395,0.9999872446060181,0,0,1.2602770328521729,0,1,-0.9999945163726807,-0.0010818467708304524,-0.0031356187537312508,0,-0.0016492721624672413,0.9823495149612427,0.18704800307750702,0,0.0028779162093997,0.18705213069915771,-0.9823458194732666,0,0,0.8850129246711731,0,1,0.7088560461997986,-0.194279745221138,0.678069531917572,0,0.6792965531349182,0.44690626859664917,-0.582091748714447,0,-0.18994490802288055,0.8732296824455261,0.4487658441066742,0,0.6276596188545227,0.6082402467727661,-0.502997875213623,1,0.9370408654212952,-0.12846718728542328,0.32473132014274597,0,0.0963103249669075,0.9888817667961121,0.11330027133226395,0,-0.33567628264427185,-0.07489200681447983,0.9389954805374146,0,0,1.651921033859253,0,1,0.7277180552482605,0.5131539106369019,-0.45508185029029846,0,-0.6798427700996399,0.4518541097640991,-0.5776174068450928,0,-0.09077601879835129,0.7297266721725464,0.6776862740516663,0,-0.7072460055351257,0.6084869503974915,-0.5038844347000122,1,0.8396542072296143,-0.03754371032118797,0.541822075843811,0,-0.04200149327516556,0.9901319146156311,0.13369694352149963,0,-0.5414948463439941,-0.1350165456533432,0.8297916054725647,0,0,1.651921033859253,0,1,0.956206202507019,-0.19959861040115356,0.21407897770404816,0,-0.2926934063434601,-0.6520737409591675,0.699378490447998,0,0,-0.7314095497131348,-0.6819381713867188,0,-0.31377071142196655,-0.35179829597473145,0.23538510501384735,1,-0.9765219688415527,0.21533386409282684,-0.005995298270136118,0,0.21430182456970215,0.973917543888092,0.07455519586801529,0,0.02189318835735321,0.07151999324560165,-0.9971985220909119,0,0,0.32136160135269165,0,1
K0.135,1,0,0,0,0,0.2830367088317871,0.9591090083122253,0,0,-0.9591090083122253,0.2830367088317871,0,0,1.1230731010437012,-0.39221280813217163,1,0.9562062621116638,0.19507275521755219,-0.21821096539497375,0,0.2926934063434601,-0.6372866034507751,0.7128790616989136,0,0,-0.7455282211303711,-0.6664738059043884,0,0.32522061467170715,-0.35179829597473145,0.23538510501384735,1,-0.9764965176582336,-0.2154170572757721,0.0070603410713374615,0,-0.2139846682548523,0.9728816747665405,0.08781958371400833,0,-0.02578670158982277,0.08424467593431473,-0.9961110949516296,0,0,0.32136157155036926,0,1,0.9999623894691467,0.008218119852244854,0.0027681125793606043,0,-0.008273131214082241,0.9997560381889343,0.020485037937760353,0,-0.0025990887079387903,-0.020507168024778366,0.9997864365577698,0,0,1,0,1,0.999916136264801,-0.010172899812459946,-0.008011482656002045,0,0.010159648954868317,0.9999470710754395,-0.0016930121928453445,0,0.008028281852602959,0.0016114762984216213,0.9999666213989258,0,0,1.2602770328521729,0,1,-0.9999834299087524,-0.0018842825666069984,-0.005426115356385708,0,-0.0028251544572412968,0.9838453531265259,0.17899824678897858,0,0.005001175217330456,0.17901064455509186,-0.983834445476532,0,0,0.8850129842758179,0,1,0.6576586961746216,-0.19282245635986328,0.7282201051712036,0,0.7217797040939331,0.43806323409080505,-0.5358493328094482,0,-0.21568268537521362,0.8780205249786377,0.4272714853286743,0,0.6276596188545227,0.6082401275634766,-0.502997875213623,1,0.9383100271224976,-0.13834470510482788,0.3169148564338684,0,0.10974908620119095,0.9882413744926453,0.10646172612905502,0,-0.32791680097579956,-0.06511299312114716,0.9424600005149841,0,0,1.651921033859253,0,1,0.6900941133499146,0.5130937099456787,-0.5103968977928162,0,-0.7224563956260681,0.4467487633228302,-0.5277048945426941,0,-0.042742904275655746,0.7329055666923523,0.6789864897727966,0,-0.707245945930481,0.60866779088974,-0.5045289397239685,1,0.8409762978553772,-0.02388768084347248,0.5405443906784058,0,-0.05399119481444359,0.9903340339660645,0.12776397168636322,0,-0.5383715033531189,-0.13663111627101898,0.8315577507019043,0,0,1.651921033859253,0,1,0.9562062621116638,-0.1956377774477005,0.21770453453063965,0,-0.2926933467388153,-0.6391341090202332,0.7112229466438293,0,0,-0.7437964081764221,-0.6684058904647827,0,-0.31377071142196655,-0.35179829597473145,0.23538510501384735,1,-0.9764970541000366,0.21541522443294525,-0.007038203068077564,0,0.2139921337366104,0.9729057550430298,0.08752674609422684,0,0.025702111423015594,0.08396351337432861,-0.9961370825767517,0,0,0.32136163115501404,0,1
K0.169,1,0,0,0,0,0.2933211028575897,0.9560138583183289,0,0,-0.9560138583183289,0.2933211028575897,0,0,1.1247570514678955,-0.39221280813217163,1,0.9562062621116638,0.189668670296669,-0.22292424738407135,0,0.2926933765411377,-0.6196314692497253,0.7282768487930298,0,0,-0.7616313099861145,-0.64801025390625,0,0.32522061467170715,-0.35179829597473145,0.23538510501384735,1,-0.9764588475227356,-0.21553969383239746,0.008385088294744492,0,-0.21351775527000427,0.9713562726974487,0.10429619252681732,0,-0.0306248739361763,0.10005056113004684,-0.9945108294487,0,0,0.3213615119457245,0,1,0.9999117255210876,0.012537360191345215,0.004395412281155586,0,-0.012683757580816746,0.9993056654930115,0.035032473504543304,0,-0.003953145816922188,-0.035085130482912064,0.9993765354156494,0,0,1,0,1,0.9998032450675964,-0.01560305804014206,-0.012247009202837944,0,0.015588105656206608,0.9998777508735657,-0.0013156045461073518,0,0.012266039848327637,0.0011244380148127675,0.9999242424964905,0,0,1.2602770328521729,0,1,-0.9999613761901855,-0.0029067827854305506,-0.008302542380988598,0,-0.0042670853435993195,0.9856323003768921,0.1688520312309265,0,0.007692436221987009,0.168880894780159,-0.9856064319610596,0,0,0.8850129842758179,0,1,0.5865870714187622,-0.18988491594791412,0.7873116135597229,0,0.7714695334434509,0.4268573522567749,-0.47183385491371155,0,-0.24647562205791473,0.884158730506897,0.39687952399253845,0,0.6276596188545227,0.6082401275634766,-0.502997875213623,1,0.9392144680023193,-0.1511894017457962,0.3082502782344818,0,0.1272183060646057,0.9871639609336853,0.09655613452196121,0,-0.3188917636871338,-0.05147182196378708,0.9463924765586853,0,0,1.651921033859253,0,1,0.6355249285697937,0.5124201774597168,-0.5775238871574402,0,-0.7718397974967957,0.4403311312198639,-0.45866307616233826,0,0.01927354373037815,0.7372475862503052,0.6753475666046143,0,-0.7072461247444153,0.6088953614234924,-0.5053395628929138,1,0.8429942727088928,-0.006171334069222212,0.5378873944282532,0,-0.0696350708603859,0.9902685880661011,0.12049593776464462,0,-0.5333964228630066,-0.13903315365314484,0.8343607783317566,0,0,1.651921033859253,0,1,0.9562062621116638,-0.19055521488189697,0.22216691076755524,0,-0.2926934063434601,-0.6225297451019287,0.7258011102676392,0,0,-0.7590422630310059,-0.6510410308837891,0,-0.31377071142196655,-0.35179829597473145,0.23538510501384735,1,-0.9764599800109863,0.2155362069606781,-0.008350021205842495,0,0.21353156864643097,0.9714010953903198,0.10384287685155869,0,0.030493127182126045,0.0996154397726059,-0.9945583343505859,0,0,0.3213616907596588,0,1
K0.203,1,0,0,0,0,0.30585306882858276,0.9520787000656128,0,0,-0.9520787000656128,0.30585306882858276,0,0,1.1268157958984375,-0.39221280813217163,1,0.9562062621116638,0.18289220333099365,-0.22851666808128357,0,0.2926934063434601,-0.5974933505058289,0.7465468049049377,0,0,-0.7807380557060242,-0.6248582005500793,0,0.32522061467170715,-0.35179829597473145,0.23538510501384735,1,-0.9764042496681213,-0.215718612074852,0.010004901327192783,0,-0.2128365933895111,0.9691309332847595,0.12444289773702621,0,-0.03654070198535919,0.11937712877988815,-0.9921761155128479,0,0,0.32136160135269165,0,1,0.99982088804245,0.01775984838604927,0.006541406735777855,0,-0.018080802634358406,0.9984413385391235,0.05280173569917679,0,-0.00559346005320549,-0.05291055142879486,0.9985836148262024,0,0,1,0,1,0.9996007680892944,-0.02226412110030651,-0.01739359088242054,0,0.022252382710576057,0.9997521042823792,-0.0008683428168296814,0,0.017408614978194237,0.00048094725934788585,0.999848484992981,0,0,1.2602770328521729,0,1,-0.999921441078186,-0.004170566331595182,-0.011814375407993793,0,-0.005967595614492893,0.987673282623291,0.1564170867204666,0,0.011016393080353737,0.15647529065608978,-0.98762047290802,0,0,0.8850131630897522,0,1,0.4892481565475464,-0.1844860017299652,0.8524091243743896,0,0.8255595564842224,0.413119375705719,-0.3844265341758728,0,-0.28122538328170776,0.8917945027351379,0.35442209243774414,0,0.6276596188545227,0.6082401275634766,-0.502997875213623,1,0.9390095472335815,-0.1674507111310959,0.30036860704421997,0,0.14945435523986816,0.9853545427322388,0.08209661394357681,0,-0.30971670150756836,-0.03219810873270035,0.9502835869789124,0,0,1.651921033859253,0,1,0.5572086572647095,0.5106019377708435,-0.65483158826828,0,-0.8246681690216064,0.4325546324253082,-0.3644433319568634,0,0.09716495126485825,0.7430896759033203,0.6621003150939941,0,-0.7072461247444153,0.6091733574867249,-0.5063306093215942,1,0.8462632894515991,0.01632772758603096,0.5325148701667786,0,-0.08968958258628845,0.9896309971809387,0.11218950152397156,0,-0.5251613259315491,-0.1427028626203537,0.8389526009559631,0,0,1.651921033859253,0,1,0.9562062621116638,-0.1841907799243927,0.22747130692005157,0,-0.2926933765411377,-0.6017375588417053,0.743130087852478,0,0,-0.777164876461029,-0.629296600818634,0,-0.31377071142196655,-0.35179829597473145,0.23538510501384735,1,-0.9764060378074646,0.2157125324010849,-0.009953724220395088,0,0.2128605842590332,0.969208836555481,0.12378890067338943,0,0.0363500639796257,0.11874950677156448,-0.9922584295272827,0,0,0.3213616907596588,0,1
K0.237,1,0,0,0,0,0.31994980573654175,0.9474344253540039,0,0,-0.9474344253540039,0.31994980573654175,0,0,1.129141092300415,-0.39221280813217163,1,0.9562063217163086,0.17502501606941223,-0.23459677398204803,0,0.2926934063434601,-0.5717921257019043,0.7664102911949158,0,0,-0.8015110492706299,-0.5979798436164856,0,0.32522061467170715,-0.3517983555793762,0.23538510501384735,1,-0.9763307571411133,-0.21595901250839233,0.01183279138058424,0,-0.21192137897014618,0.9661410450935364,0.14717769622802734,0,-0.04321648180484772,0.1411864310503006,-0.9890391826629639,0,0,0.32136160135269165,0,1,0.9996799230575562,0.023578442633152008,0.009165958501398563,0,-0.024184294044971466,0.9970502257347107,0.07284153997898102,0,-0.0074214329943060875,-0.07303991913795471,0.9973015189170837,0,0,1,0,1,0.9992870688438416,-0.02981484681367874,-0.02316671423614025,0,0.02981398068368435,0.9995555281639099,-0.000382849364541471,0,0.02316782809793949,-0.00030811558826826513,0.9997316598892212,0,0,1.2602770328521729,0,1,-0.9998597502708435,-0.005617865826934576,-0.015773983672261238,0,-0.007806764915585518,0.9897881746292114,0.1423339545726776,0,0.014813285320997238,0.14243711531162262,-0.9896929264068604,0,0,0.8850130438804626,0,1,0.3672197759151459,-0.1759214699268341,0.9133462905883789,0,0.8751364350318909,0.3979978859424591,-0.27519792318344116,0,-0.3150966465473175,0.9003607630729675,0.3001079857349396,0,0.6276596784591675,0.6082401871681213,-0.502997875213623,1,0.9370578527450562,-0.18594296276569366,0.2955470383167267,0,0.17498643696308136,0.982530951499939,0.06334797292947769,0,-0.30216315388679504,-0.007643990218639374,0.9532255530357361,0,0,1.651921033859253,0,1,0.45445647835731506,0.5071444511413574,-0.732307493686676,0,-0.8712671995162964,0.42415651679039,-0.2469514161348343,0,0.18537287414073944,0.7502639889717102,0.6346188187599182,0,-0.7072461247444153,0.609487771987915,-0.5074500441551208,1,0.850827693939209,0.042227212339639664,0.5237454771995544,0,-0.11301911622285843,0.9881423711776733,0.10393081605434418,0,-0.5131462216377258,-0.14762040972709656,0.8455110788345337,0,0,1.651921033859253,0,1,0.9562062621116638,-0.17681226134300232,0.23325282335281372,0,-0.29269343614578247,-0.5776323676109314,0.7620177865028381,0,0,-0.796917736530304,-0.6040874123573303,0,-0.31377071142196655,-0.3517983555793762,0.23538510501384735,1,-0.976333498954773,0.2159491777420044,-0.011763093061745167,0,0.2119598388671875,0.9662661552429199,0.14629335701465607,0,0.04295822232961655,0.14033786952495575,-0.9891708493232727,0,0,0.32136163115501404,0,1
K0.270,1,0,0,0,0,0.33504265546798706,0.9422029256820679,0,0,-0.9422029256820679,0.33504265546798706,0,0,1.1316430568695068,-0.39221280813217163,1,0.9562063217163086,0.16632328927516937,-0.2408442348241806,0,0.2926933467388153,-0.5433642864227295,0.786820113658905,0,0,-0.8228558301925659,-0.5682500600814819,0,0.32522061467170715,-0.3517983555793762,0.23538510501384735,1,-0.9762375354766846,-0.21626289188861847,0.01379498653113842,0,-0.21076421439647675,0.9623607993125916,0.17158271372318268,0,-0.050382718443870544,0.16459797322750092,-0.9850729703903198,0,0,0.32136157155036926,0,1,0.9994829297065735,0.029741620644927025,0.01221390813589096,0,-0.030763136222958565,0.9950631856918335,0.09435448795557022,0,-0.009347357787191868,-0.09468146413564682,0.9954638481140137,0,0,1,0,1,0.9988484382629395,-0.037965890020132065,-0.029335878789424896,0,0.03798557072877884,0.9992784261703491,0.00011367403931217268,0,0.02931039035320282,-0.0012278830399736762,0.9995697140693665,0,0,1.2602770328521729,0,1,-0.9997736811637878,-0.007202697917819023,-0.020024295896291733,0,-0.009691989980638027,0.9918376803398132,0.12713997066020966,0,0.01894509606063366,0.12730522453784943,-0.991682767868042,0,0,0.8850128650665283,0,1,0.2250109314918518,-0.1638653576374054,0.9604782462120056,0,0.911847710609436,0.3828030526638031,-0.14830896258354187,0,-0.34337127208709717,0.9091810584068298,0.23555512726306915,0,0.6276596784591675,0.6082401871681213,-0.502997875213623,1,0.9331632852554321,-0.20522436499595642,0.29510924220085144,0,0.20207005739212036,0.9784917831420898,0.041496455669403076,0,-0.29727795720100403,0.02090976946055889,0.9545620083808899,0,0,1.651921033859253,0,1,0.3296996057033539,0.5017534494400024,-0.7997137308120728,0,-0.9025648832321167,0.4159686863422394,-0.1111166924238205,0,0.27690261602401733,0.7584285736083984,0.5900096297264099,0,-0.7072461247444153,0.6098259091377258,-0.5086545348167419,1,0.8563434481620789,0.06988639384508133,0.5116562247276306,0,-0.13817410171031952,0.9856834411621094,0.0966247022151947,0,-0.4975781738758087,-0.15344151854515076,0.8537397384643555,0,0,1.651921033859253,0,1,0.9562062621116638,-0.1686611771583557,0.2392130345106125,0,-0.29269346594810486,-0.5510033369064331,0.781489372253418,0,0,-0.8172811269760132,-0.5762388110160828,0,-0.31377071142196655,-0.3517983853816986,0.23538510501384735,1,-0.976242184638977,0.21624809503555298,-0.01370522752404213,0,0.2108219861984253,0.9625487923622131,0.17044910788536072,0,0.0500512570142746,0.163510262966156,-0.9852708578109741,0,0,0.32136157155036926,0,1
K0.304,1,0,0,0,0,0.3507001996040344,0.9364876747131348,0,0,-0.9364876747131348,0.3507001996040344,0,0,1.1342533826828003,-0.39221280813217163,1,0.9562063217163086,0.1570000797510147,-0.24702297151088715,0,0.29269325733184814,-0.5129058361053467,0.8070054650306702,0,0,-0.8439657092094421,-0.5363967418670654,0,0.32522061467170715,-0.35179829597473145,0.23538510501384735,1,-0.9761252403259277,-0.216629758477211,0.015834607183933258,0,-0.20936737954616547,0.9577974677085876,0.19695070385932922,0,-0.05783172324299812,0.18893328309059143,-0.9802852869033813,0,0,0.3213615417480469,0,1,0.9992274045944214,0.03605755791068077,0.015635136514902115,0,-0.03763948753476143,0.9924502968788147,0.11672887206077576,0,-0.011308138258755207,-0.11722718179225922,0.9930407404899597,0,0,1,0,1,0.9982793927192688,-0.04649640619754791,-0.03572558984160423,0,0.04654762148857117,0.9989160299301147,0.0006025918992236257,0,0.03565884381532669,-0.0022644964046776295,0.9993615746498108,0,0,1.2602770328521729,0,1,-0.9996616244316101,-0.008887497708201408,-0.024446483701467514,0,-0.011555274948477745,0.9937257170677185,0.11124825477600098,0,0.023304376751184464,0.1114930734038353,-0.9934920072555542,0,0,0.8850128650665283,0,1,0.06897786259651184,-0.14840638637542725,0.9865180253982544,0,0.9294837117195129,0.36874058842658997,-0.009518660604953766,0,-0.3623565435409546,0.917608916759491,0.16337624192237854,0,0.6276596188545227,0.6082402467727661,-0.502997875213623,1,0.9273615479469299,-0.22389225661754608,0.2997879683971405,0,0.22915621101856232,0.9732239246368408,0.017968181520700455,0,-0.29578375816345215,0.05203527212142944,0.9538367390632629,0,0,1.651921033859253,0,1,0.18781913816928864,0.49438464641571045,-0.848709762096405,0,-0.911928653717041,0.40874120593070984,0.03628770634531975,0,0.3648426830768585,0.7671471238136292,0.5276128649711609,0,-0.7072461247444153,0.6101786494255066,-0.509911060333252,1,0.862432062625885,0.09779336303472519,0.4966363310813904,0,-0.16376523673534393,0.982296884059906,0.09096048772335052,0,-0.4789489209651947,-0.15977899730205536,0.8631793856620789,0,0,1.651921033859253,0,1,0.9562062621116638,-0.15993712842464447,0.24513176083564758,0,-0.29269343614578247,-0.5225026607513428,0.8008253574371338,0,0,-0.837502658367157,-0.5464329123497009,0,-0.31377071142196655,-0.3517983853816986,0.23538510501384735,1,-0.9761316776275635,0.2166086733341217,-0.015723980963230133,0,0.20944930613040924,0.9580643773078918,0.19555771350860596,0,0.05742409825325012,0.18759675323963165,-0.9805658459663391,0,0,0.32136157155036926,0,1
K0.338,1,0,0,0,0,0.3664703667163849,0.9304296374320984,0,0,-0.9304296374320984,0.3664703667163849,0,0,1.1368989944458008,-0.39221280813217163,1,0.9562063217163086,0.14731451869010925,-0.252918541431427,0,0.29269328713417053,-0.48126399517059326,0.8262658715248108,0,0,-0.8641082644462585,-0.5033056735992432,0,0.32522061467170715,-0.35179829597473145,0.23538510501384735,1,-0.9759958982467651,-0.2170531302690506,0.01789143681526184,0,-0.20775562524795532,0.9525319933891296,0.22253282368183136,0,-0.06534358114004135,0.21347396075725555,-0.9747609496116638,0,0,0.32136160135269165,0,1,0.9989162087440491,0.042331937700510025,0.019350701943039894,0,-0.04462077096104622,0.9892421960830688,0.1393163949251175,0,-0.013244995847344398,-0.14002881944179535,0.9900588393211365,0,0,1,0,1,0.9975869059562683,-0.05516815185546875,-0.042152039706707,0,0.05526219308376312,0.9984713196754456,0.0010681047569960356,0,0.042028676718473434,-0.0033949415665119886,0.9991106390953064,0,0,1.2602770328521729,0,1,-0.9995253086090088,-0.010627363808453083,-0.0289152879267931,0,-0.013334586285054684,0.9953781962394714,0.09510577470064163,0,0.027770917862653732,0.09544619172811508,-0.9950472116470337,0,0,0.8850129246711731,0,1,-0.09184423089027405,-0.13020238280296326,0.9872245192527771,0,0.9246122241020203,0.35690268874168396,0.13309016823768616,0,-0.36967167258262634,0.9250231385231018,0.08760722726583481,0,0.6276596188545227,0.6082403063774109,-0.502997875213623,1,0.919938325881958,-0.24051348865032196,0.30962398648262024,0,0.2546623647212982,0.9670147895812988,-0.005469759460538626,0,-0.29809534549713135,0.08388139307498932,0.9508434534072876,0,0,1.651921033859253,0,1,0.037009064108133316,0.4853328466415405,-0.8735460042953491,0,-0.8960493803024292,0.40311163663864136,0.18600206077098846,0,0.44240933656692505,0.7758563160896301,0.44980084896087646,0,-0.7072461247444153,0.6105362176895142,-0.5111846327781677,1,0.8686807751655579,0.12434317171573639,0.4795132577419281,0,-0.18826940655708313,0.9782204627990723,0.08740317076444626,0,-0.45820164680480957,-0.1662030965089798,0.8731712698936462,0,0,1.651921033859253,0,1,0.9562062621116638,-0.15088149905204773,0.25080710649490356,0,-0.2926934063434601,-0.49291878938674927,0.8193663954734802,0,0,-0.8568928837776184,-0.5154940485954285,0,-0.31377071142196655,-0.3517983853816986,0.23538510501384735,1,-0.9760044813156128,0.21702459454536438,-0.0177599024027586,0,0.20786604285240173,0.9528918266296387,0.22087979316711426,0,0.06485963612794876,0.21188804507255554,-0.9751391410827637,0,0,0.3213616907596588,0,1
K0.372,1,0,0,0,0,0.38177070021629333,0.9242570996284485,0,0,-0.9242570996284485,0.38177070021629333,0,0,1.139482855796814,-0.39221280813217163,1,0.9562062621116638,0.1376456618309021,-0.25830787420272827,0,0.292693167924881,-0.4496772289276123,0.843872606754303,0,0,-0.8825212717056274,-0.47027215361595154,0,0.32522061467170715,-0.35179829597473145,0.23538510501384735,1,-0.9758539795875549,-0.21751603484153748,0.019887546077370644,0,-0.20599299669265747,0.9467736482620239,0.24735961854457855,0,-0.07263367623090744,0.2372901290655136,-0.968719482421875,0,0,0.3213615119457245,0,1,0.998561680316925,0.04832259193062782,0.023231828585267067,0,-0.051445890218019485,0.9855679273605347,0.16127440333366394,0,-0.015103345736861229,-0.16223758459091187,0.9866361021995544,0,0,1,0,1,0.9967983365058899,-0.06366661190986633,-0.048372261226177216,0,0.06381352990865707,0.9979606866836548,0.0014975984813645482,0,0.04817827045917511,-0.004579608328640461,0.9988283514976501,0,0,1.2602770328521729,0,1,-0.9993701577186584,-0.012352234683930874,-0.03326907753944397,0,-0.014959919266402721,0.9967378973960876,0.07930950075387955,0,0.03218090161681175,0.07975723594427109,-0.9962948560714722,0,0,0.8850129246711731,0,1,-0.24549634754657745,-0.11065182834863663,0.9630615711212158,0,0.8980510234832764,0.3481169641017914,0.2689216136932373,0,-0.3650147020816803,0.9308977723121643,0.013909604400396347,0,0.6276596188545227,0.6082401275634766,-0.502997875213623,1,0.9114989638328552,-0.2534160614013672,0.32396021485328674,0,0.2764623165130615,0.9606626033782959,-0.02638525329530239,0,-0.30452996492385864,0.11361289769411087,0.9457027316093445,0,0,1.651921033859253,0,1,-0.11081453412771225,0.47533726692199707,-0.8727972507476807,0,-0.8566904664039612,0.3994840979576111,0.32633399963378906,0,0.5037873387336731,0.7838795781135559,0.3629482090473175,0,-0.7072461247444153,0.6108851432800293,-0.5124285221099854,1,0.8746516108512878,0.14739318192005157,0.461801141500473,0,-0.20965053141117096,0.9739678502082825,0.08621667325496674,0,-0.43707165122032166,-0.17222638428211212,0.8827835321426392,0,0,1.651921033859253,0,1,0.956206202507019,-0.14184629917144775,0.2560253143310547,0,-0.29269328713417053,-0.46340224146842957,0.8364142179489136,0,0,-0.8747214674949646,-0.48462560772895813,0,-0.31377071142196655,-0.35179829597473145,0.23538510501384735,1,-0.9758652448654175,0.21747930347919464,-0.01973601058125496,0,0.2061350792646408,0.9472368359565735,0.24545818567276,0,0.07207679003477097,0.23546594381332397,-0.9692062139511108,0,0,0.32136160135269165,0,1
K0.406,1,0,0,0,0,0.39587077498435974,0.9183063507080078,0,0,-0.9183063507080078,0.39587077498435974,0,0,1.1418803930282593,-0.39221280813217163,1,0.9562063813209534,0.12851090729236603,-0.2629718780517578,0,0.2926931083202362,-0.41983479261398315,0.8591096997261047,0,0,-0.8984561562538147,-0.4390629231929779,0,0.32522061467170715,-0.35179829597473145,0.23538510501384735,1,-0.9757093787193298,-0.21798855066299438,0.021725589409470558,0,-0.20419397950172424,0.9408965706825256,0.27022016048431396,0,-0.07934641093015671,0.25922003388404846,-0.9625532627105713,0,0,0.32136157155036926,0,1,0.9981878995895386,0.05375101789832115,0.027054671198129654,0,-0.057782795280218124,0.9816842079162598,0.18154208362102509,0,-0.01680106855928898,-0.18277639150619507,0.9830110669136047,0,0,1,0,1,0.9959673285484314,-0.0715765506029129,-0.054091475903987885,0,0.0717826634645462,0.9974184632301331,0.0018748794682323933,0,0.05381764471530914,-0.005750149488449097,0.9985342025756836,0,0,1.2602770328521729,0,1,-0.9992064237594604,-0.013973990455269814,-0.0372992679476738,0,-0.016366584226489067,0.997775137424469,0.06463120877742767,0,0.036313120275735855,0.0651903748512268,-0.9972118735313416,0,0,0.885012686252594,0,1,-0.37970659136772156,-0.09171494841575623,0.9205494523048401,0,0.8559705018997192,0.34261855483055115,0.38720449805259705,0,-0.3509097695350647,0.9349871277809143,-0.051589272916316986,0,0.6276596188545227,0.6082401871681213,-0.502997875213623,1,0.9031553268432617,-0.2620016038417816,0.3400973081588745,0,0.2931607961654663,0.9551080465316772,-0.042722683399915695,0,-0.3136362135410309,0.13828839361667633,0.9394193291664124,0,0,1.651921033859253,0,1,-0.24260416626930237,0.46548742055892944,-0.8511550426483154,0,-0.8017123937606812,0.39783039689064026,0.4460807144641876,0,0.5462602972984314,0.7906025648117065,0.27667173743247986,0,-0.7072461247444153,0.6112092733383179,-0.5135826468467712,1,0.8797431588172913,0.16553427278995514,0.44570207595825195,0,-0.22651249170303345,0.9701338410377502,0.08678984642028809,0,-0.4180239737033844,-0.17730987071990967,0.8909642100334167,0,0,1.651921033859253,0,1,0.956206202507019,-0.13331224024295807,0.2605709433555603,0,-0.2926933169364929,-0.43552207946777344,0.851264238357544,0,0,-0.890251636505127,-0.4554685950279236,0,-0.31377071142196655,-0.35179829597473145,0.23538510501384735,1,-0.9757229685783386,0.21794334053993225,-0.02155611477792263,0,0.20436841249465942,0.9414653182029724,0.26809626817703247,0,0.07872417569160461,0.2571824789047241,-0.9631505608558655,0,0,0.3213615417480469,0,1
K0.439,1,0,0,0,0,0.4085117280483246,0.9127530455589294,0,0,-0.9127530455589294,0.4085117280483246,0,0,1.144044041633606,-0.39221280813217163,1,0.9562063813209534,0.12014506757259369,-0.2668977975845337,0,0.2926931381225586,-0.3925040662288666,0.8719351291656494,0,0,-0.9118689894676208,-0.4104804992675781,0,0.32522061467170715,-0.35179829597473145,0.23538510501384735,1,-0.9755682945251465,-0.21844996511936188,0.023371314629912376,0,-0.20243723690509796,0.9351574778556824,0.29068875312805176,0,-0.08535678684711456,0.27885541319847107,-0.9565322399139404,0,0,0.3213615417480469,0,1,0.9978135824203491,0.05854438990354538,0.03066921792924404,0,-0.06350867450237274,0.977789580821991,0.19973528385162354,0,-0.01829466037452221,-0.20124633610248566,0.9793698191642761,0,0,0.9999999403953552,0,1,0.9951357245445251,-0.07872850447893143,-0.05921686440706253,0,0.07899647206068039,0.9968724846839905,0.002194087952375412,0,0.05885893106460571,-0.006861339323222637,0.9982427358627319,0,0,1.2602770328521729,0,1,-0.9990423917770386,-0.01546087022870779,-0.040925730019807816,0,-0.017557257786393166,0.9985253214836121,0.051370542496442795,0,0.040071144700050354,0.05203989893198013,-0.9978405833244324,0,0,0.8850128054618835,0,1,-0.49151092767715454,-0.07442337274551392,0.8676852583885193,0,0.8055248260498047,0.339811772108078,0.4854458272457123,0,-0.3309782147407532,0.9375441074371338,-0.10707130283117294,0,0.6276596188545227,0.6082401871681213,-0.502997875213623,1,0.8955099582672119,-0.2674475908279419,0.35571640729904175,0,0.30570825934410095,0.9505383372306824,-0.05494721233844757,0,-0.3234265148639679,0.1579512059688568,0.9329773187637329,0,0,1.651921033859253,0,1,-0.3543156683444977,0.45639437437057495,-0.8161889910697937,0,-0.7393500804901123,0.3976809084415436,0.5433332920074463,0,0.5725570321083069,0.7959609031677246,0.19653066992759705,0,-0.7072460055351257,0.6115016341209412,-0.5146241188049316,1,0.8838351368904114,0.17961812019348145,0.4319405257701874,0,-0.23958328366279602,0.9668635129928589,0.088174007833004,0,-0.40178990364074707,-0.18141701817512512,0.8975815176963806,0,0,1.651921033859253,0,1,0.9562061429023743,-0.12549683451652527,0.26442378759384155,0,-0.2926933467388153,-0.4099899232387543,0.8638509511947632,0,0,-0.9034147262573242,-0.42876705527305603,0,-0.31377071142196655,-0.35179829597473145,0.23538510501384735,1,-0.9755843281745911,0.21839652955532074,-0.023186268284916878,0,0.2026432752609253,0.9358293414115906,0.28837162256240845,0,0.08467777818441391,0.2766324281692505,-0.9572373032569885,0,0,0.32136157155036926,0,1
