5.100,30,152,57
B0,mixamorig_Hips,-1,0.9970179796218872,-0.05196582153439522,-0.057046011090278625,0,0.0730610340833664,0.39777177572250366,0.9145710468292236,0,-0.024835146963596344,-0.9160118103027344,0.4003823697566986,0,0.003907000180333853,0.5705429911613464,-0.030990999191999435,1
B1,mixamorig_Spine,0,0.9923139214515686,0.023055853322148323,-0.12158214300870895,0,-0.0551910400390625,0.961820125579834,-0.26805952191352844,0,0.11075980216264725,0.2727094292640686,0.9556999206542969,0,0,0.36711299419403076,-0.026033999398350716,1
B2,mixamorig_Spine1,1,0.9996190071105957,0.023341096937656403,-0.014721125364303589,0,-0.02391289733350277,0.9989159107208252,-0.03994208574295044,0,0.013772881589829922,0.04027891159057617,0.9990940093994141,0,0,0.42937299609184265,0,1
B3,mixamorig_Spine2,2,0.9996199607849121,0.023258082568645477,-0.014812973327934742,0,-0.0238359197974205,0.9989110231399536,-0.04010707512497902,0,0.013864031992852688,0.04044492542743683,0.9990860819816589,0,0,0.4907130002975464,0,1
B4,mixamorig_Neck,3,0.9974159598350525,-0.04944910109043121,0.052124232053756714,0,0.06840179860591888,0.875528872013092,-0.4782981872558594,0,-0.02198486216366291,0.48062780499458313,0.8766492009162903,0,0,0.5520520210266113,0,1
B5,mixamorig_Head,4,0.9927390217781067,-0.009982905350625515,0.11987215280532837,0,0.062212005257606506,0.8955260515213013,-0.4406388998031616,0,-0.10294981300830841,0.4448970854282379,0.889644980430603,0,0,0.26450100541114807,0.07711700350046158,1
B6,mixamorig_HeadTop_End,5,1,0,0,0,0,1,0,0,0,0,1,0,0,0.7447680234909058,0.2171420007944107,1
B7,mixamorig_LeftShoulder,3,-0.17478850483894348,-0.04232899844646454,-0.9836959838867188,0,0.9558148980140686,-0.24712888896465302,-0.15920040011405945,0,-0.23636101186275482,-0.9680579304695129,0.08365406841039658,0,0.18095700442790985,0.48029300570487976,-0.00496899988502264,1
B8,mixamorig_LeftArm,7,0.8669798970222473,0.49833524227142334,0.0028547788970172405,0,-0.3208448886871338,0.5537889003753662,0.7683591842651367,0,0.3813195824623108,-0.6670680046081543,0.640012264251709,0,0,0.3883010149002075,0,1
B9,mixamorig_LeftForeArm,8,0.11697869002819061,0.34864169359207153,-0.9299271106719971,0,-0.952712893486023,0.303814172744751,-0.005941133014857769,0,0.2804538309574127,0.8866488933563232,0.3676953613758087,0,0,0.8196550011634827,0,1
B10,mixamorig_LeftHand,9,0.9460558891296387,0.32387039065361023,0.009311497211456299,0,-0.18014326691627502,0.5496682524681091,-0.8157288432121277,0,-0.26930850744247437,0.7700473666191101,0.5783597230911255,0,0,1.0135270357131958,0,1
B11,mixamorig_LeftHandThumb1,10,0.7703139185905457,0.5781452655792236,0.26900580525398254,0,-0.6334848403930664,0.7420592904090881,0.2191927582025528,0,-0.07289301604032516,-0.3392583429813385,0.9378648996353149,0,-0.05779600143432617,0.10119599848985672,0.0494219996035099,1
B12,mixamorig_LeftHandThumb2,11,0.864129900932312,0.11684196442365646,-0.4895171821117401,0,-0.1376829296350479,0.9904540777206421,-0.0066378493793308735,0,0.48406869173049927,0.07313413172960281,0.871968150138855,0,-0.016102999448776245,0.0999779999256134,0,1
B13,mixamorig_LeftHandThumb3,12,0.8253909945487976,0.5644620060920715,0.010629775933921337,0,-0.5532740354537964,0.8049980998039246,0.2141667902469635,0,0.11233191937208176,-0.1826522797346115,0.9767389297485352,0,-0.002061000093817711,0.09849300235509872,0,1
B14,mixamorig_LeftHandThumb4,13,1,0,0,0,0,1,0,0,0,0,1,0,0.018163999542593956,0.0817980021238327,0,1
B15,mixamorig_LeftHandIndex1,10,0.9348080158233643,0.3461739718914032,-0.0793561264872551,0,-0.35392099618911743,0.8894150853157043,-0.28927576541900635,0,-0.02955920808017254,0.29850319027900696,0.9539509415626526,0,-0.08126600086688995,0.2582220137119293,-0.0008430000161752105,1
B16,mixamorig_LeftHandIndex2,15,0.991021990776062,-0.12612199783325195,-0.04436098411679268,0,0.1194620206952095,0.6863670349121094,0.7173759341239929,0,-0.06002899631857872,-0.7162350416183472,0.695271909236908,0,0.00011700000322889537,0.10093799978494644,0,1
B17,mixamorig_LeftHandIndex3,16,0.9990079998970032,-0.04407808929681778,-0.006393025629222393,0,0.044118911027908325,0.9596571326255798,0.2776918113231659,0,-0.006105006672441959,-0.2776981592178345,0.9606489539146423,0,-0.00016199999663513154,0.09645900130271912,0,1
B18,mixamorig_LeftHandIndex4,17,1,0,0,0,0,1,0,0,0,0,1,0,0.000045000000682193786,0.07855600118637085,0,1
B19,mixamorig_LeftHandMiddle1,10,0.9178109765052795,0.2544403076171875,-0.30476778745651245,0,-0.37081682682037354,0.8236340880393982,-0.42909401655197144,0,0.14183829724788666,0.5068400502204895,0.8502908945083618,0,-0.0024510000366717577,0.3090820014476776,-0.0004529999860096723,1
B20,mixamorig_LeftHandMiddle2,19,0.9810890555381775,-0.18209055066108704,-0.06562497466802597,0,0.13013318181037903,0.3695639967918396,0.9200479984283447,0,-0.14327938854694366,-0.9111889004707336,0.386271208524704,0,0.00005400000009103678,0.0871099978685379,0,1
B21,mixamorig_LeftHandMiddle3,20,0.997418999671936,-0.0695386528968811,-0.017880331724882126,0,0.07074417918920517,0.9092220664024353,0.41025590896606445,0,-0.012271449901163578,-0.41046202182769775,0.9117949604988098,0,-0.000012000000424450263,0.09059199690818787,0,1
B22,mixamorig_LeftHandMiddle4,21,1,0,0,0,0,1,0,0,0,0,1,0,-0.00004199999966658652,0.06851799786090851,0,1
B23,mixamorig_LeftHandRing1,10,0.8875922560691833,0.04061414673924446,-0.4588354825973511,0,-0.18179309368133545,0.9461339116096497,-0.26792111992836,0,0.4232385754585266,0.32121792435646057,0.8471647500991821,0,0.08371700346469879,0.2996929883956909,-0.006422999780625105,1
B24,mixamorig_LeftHandRing2,23,0.9923840165138245,-0.12019499391317368,-0.02695898525416851,0,0.10675403475761414,0.7299972176551819,0.6750617027282715,0,-0.06145903840661049,-0.6727982759475708,0.7372686862945557,0,-0.00007300000288523734,0.0867220014333725,0,1
B25,mixamorig_LeftHandRing3,24,0.9963860511779785,-0.08377385139465332,-0.014045936986804008,0,0.07992015779018402,0.86854088306427,0.4891321063041687,0,-0.028777005150914192,-0.4884868860244751,0.8720971345901489,0,0.000019999999494757503,0.07366199791431427,0,1
B26,mixamorig_LeftHandRing4,25,1,0,0,0,0,1,0,0,0,0,1,0,0.00005400000009103678,0.06601499766111374,0,1
B27,mixamorig_RightShoulder,3,-0.5530619025230408,-0.14633327722549438,0.8201879858970642,0,-0.7518289685249329,-0.3365330696105957,-0.567008912563324,0,0.35899266600608826,-0.930232048034668,0.07610604912042618,0,-0.18095700442790985,0.48030999302864075,-0.005206999834626913,1
B28,mixamorig_RightArm,27,0.8886627554893494,-0.4552413523197174,-0.05507112294435501,0,0.40721163153648376,0.7282202243804932,0.5512478351593018,0,-0.210846945643425,-0.512299120426178,0.832521915435791,0,0,0.3883010149002075,0,1
B29,mixamorig_RightForeArm,28,-0.13784705102443695,-0.8085100650787354,0.5721109509468079,0,0.8795708417892456,0.16563522815704346,0.44600439071655273,0,-0.4553605616092682,0.5646921992301941,0.6883091926574707,0,0,0.8196730017662048,0,1
B30,mixamorig_RightHand,29,0.9811270236968994,-0.005562830250710249,0.19328224658966064,0,0.17516586184501648,0.44889888167381287,-0.8762460947036743,0,-0.08188975602388382,0.8935649991035461,0.4414011538028717,0,0,1.0139130353927612,0,1
B31,mixamorig_RightHandThumb1,30,0.6915470361709595,-0.6667439937591553,-0.27787497639656067,0,0.7222970128059387,0.6420321464538574,0.2570626139640808,0,0.007009733933955431,-0.3784792721271515,0.9255828857421875,0,0.05241600051522255,0.10095100104808807,0.04725399985909462,1
B32,mixamorig_RightHandThumb2,31,0.9084879755973816,0.09722281247377396,0.4064450263977051,0,-0.18923211097717285,0.9628469944000244,0.19265685975551605,0,-0.3726138770580292,-0.2519390285015106,0.8931329846382141,0,0.013666000217199326,0.09758500009775162,0,1
B33,mixamorig_RightHandThumb3,32,0.9922530055046082,0.03910190239548683,0.11791718006134033,0,-0.03612907975912094,0.9989760518074036,-0.027245158329606056,0,-0.11886181682348251,0.022773856297135353,0.9926499724388123,0,0.005741000175476074,0.10011699795722961,0,1
B34,mixamorig_RightHandThumb4,33,1,0,0,0,0,1,0,0,0,0,1,0,-0.0194070003926754,0.0837320014834404,0,1
B35,mixamorig_RightHandIndex1,30,0.9426901340484619,-0.3237278461456299,0.08084896951913834,0,0.33300912380218506,0.8975339531898499,-0.28902897238731384,0,0.021002013236284256,0.29938796162605286,0.9538999795913696,0,0.0769060030579567,0.2715510129928589,-0.0019199999514967203,1
B36,mixamorig_RightHandIndex2,35,0.9950910210609436,0.09358210116624832,0.03220581263303757,0,-0.08791907131671906,0.6864582300186157,0.7218347191810608,0,0.04544283077120781,-0.7211223244667053,0.6913157105445862,0,0.0002280000044265762,0.09706299751996994,0,1
B37,mixamorig_RightHandIndex3,36,0.9996510148048401,0.026197031140327454,0.0032824112568050623,0,-0.026067854836583138,0.9596331119537354,0.28004345297813416,0,0.0041864002123475075,-0.2800315022468567,0.9599817991256714,0,0.00022499999613501132,0.09129799902439117,0,1
B38,mixamorig_RightHandIndex4,37,1,0,0,0,0,1,0,0,0,0,1,0,-0.0004529999860096723,0.07652699947357178,0,1
B39,mixamorig_RightHandMiddle1,30,0.9241141676902771,-0.23014672100543976,0.3050326108932495,0,0.3641394376754761,0.7723708152770996,-0.5204289555549622,0,-0.11582322418689728,0.592009961605072,0.7975639700889587,0,0.0016319999704137444,0.3018290102481842,-0.004891999997198582,1
B40,mixamorig_RightHandMiddle2,39,0.9893609881401062,0.13955079019069672,0.0411033034324646,0,-0.09054876863956451,0.36957085132598877,0.9247800707817078,0,0.11386328190565109,-0.9186637997627258,0.37827539443969727,0,0.000299000006634742,0.09164199978113174,0,1
B41,mixamorig_RightHandMiddle3,40,0.9988639950752258,0.046050868928432465,0.01222864631563425,0,-0.04698726907372475,0.9094840884208679,0.4130757749080658,0,0.007900742813944817,-0.41318121552467346,0.9106149077415466,0,0.00009200000204145908,0.09171000123023987,0,1
B42,mixamorig_RightHandMiddle4,41,1,0,0,0,0,1,0,0,0,0,1,0,-0.0003910000086762011,0.0738229975104332,0,1
B43,mixamorig_RightHandRing1,30,0.8850739598274231,-0.03518213331699371,0.4641181230545044,0,0.24633677303791046,0.8814490437507629,-0.40294697880744934,0,-0.39491987228393555,0.4709671139717102,0.7888140082359314,0,-0.07853800058364868,0.3580009937286377,-0.0009769999887794256,1
B44,mixamorig_RightHandRing2,43,0.9960330128669739,0.08807486295700073,0.012669731862843037,0,-0.07312128692865372,0.7290220856666565,0.6805738210678101,0,0.05070490762591362,-0.678800106048584,0.7325698733329773,0,0.000007999999979801942,0.05954999849200249,0,1
B45,mixamorig_RightHandRing3,44,0.9971999526023865,0.07368691265583038,0.0127561679109931,0,-0.07035298645496368,0.8665439486503601,0.49411699175834656,0,0.02535618469119072,-0.4936310350894928,0.869301974773407,0,-0.00031400000443682075,0.06425800174474716,0,1
B46,mixamorig_RightHandRing4,45,1,0,0,0,0,1,0,0,0,0,1,0,0.00030499999411404133,0.046144999563694,0,1
B47,mixamorig_LeftUpLeg,0,-0.7206519842147827,-0.39891090989112854,0.5670369863510132,0,0.3554690182209015,-0.9147989153862,-0.1917930543422699,0,0.5952330231666565,0.06334801018238068,0.8010520339012146,0,0.27979201078414917,-0.20402400195598602,0.006827999837696552,1
B48,mixamorig_LeftLeg,47,0.70954829454422,0.22263774275779724,0.6685607433319092,0,0.014901985414326191,0.9438219666481018,-0.33011820912361145,0,-0.7044993042945862,0.2441977858543396,0.6663697957992554,0,0,1.599581003189087,0,1
B49,mixamorig_LeftFoot,48,0.9974769949913025,0.0697111263871193,-0.013432122766971588,0,-0.04964495450258255,0.8201760649681091,0.5699540972709656,0,0.05074881762266159,-0.5678489208221436,0.8215670585632324,0,0,1.3877099752426147,0,1
B50,mixamorig_LeftToeBase,49,0.9708499908447266,0.050306644290685654,0.23434920608997345,0,-0.1587812453508377,0.8674048781394958,0.4715890884399414,0,-0.17955167591571808,-0.4950527548789978,0.8501082062721252,0,0,0.5019649863243103,0,1
B51,mixamorig_LeftToe_End,50,1,0,0,0,0,1,0,0,0,0,1,0,0,0.19609799981117249,0,1
B52,mixamorig_RightUpLeg,0,-0.8585788607597351,0.30834898352622986,-0.4095900356769562,0,-0.22856691479682922,-0.9453439116477966,-0.23255714774131775,0,-0.45891186594963074,-0.10604985058307648,0.8821301460266113,0,-0.27979201078414917,-0.20402400195598602,0.012690999545156956,1
B53,mixamorig_RightLeg,52,0.5475168824195862,-0.09190969169139862,-0.8317321538925171,0,-0.1833537518978119,0.9566189646720886,-0.22640924155712128,0,0.8164599537849426,0.2764640748500824,0.5069130659103394,0,0,1.6002310514450073,0,1
B54,mixamorig_RightFoot,53,0.9835650324821472,-0.17540983855724335,0.04280104115605354,0,0.13260915875434875,0.8626660704612732,0.4880810081958771,0,-0.1225370541214943,-0.4743829667568207,0.8717479705810547,0,0,1.3877849578857422,0,1
B55,mixamorig_RightToeBase,54,0.9991099834442139,0.005129014141857624,-0.04186413437128067,0,0.015233950689435005,0.8816879391670227,0.47158700227737427,0,0.03932987526059151,-0.47180497646331787,0.8808249831199646,0,0,0.5005069971084595,0,1
B56,mixamorig_RightToe_End,55,1,0,0,0,0,1,0,0,0,0,1,0,0,0.19821199774742126,0,1
@46,0,1,2,3,4,5,7,8,9,10,11,12,13,15,16,17,19,20,21,23,24,25,27,28,29,30,31,32,33,35,36,37,39,40,41,43,44,45,47,48,49,50,52,53,54,55
K0,0.9970179796218872,-0.05196584388613701,-0.05704612657427788,0,0.07306114584207535,0.3977716267108917,0.9145711064338684,0,-0.02483513019979,-0.9160119295120239,0.40038225054740906,0,0.003907000180333853,0.5705429911613464,-0.030990999191999435,1,0.9923139214515686,0.023055898025631905,-0.12158218026161194,0,-0.05519109219312668,0.961820125579834,-0.26805952191352844,0,0.11075982451438904,0.272709459066391,0.9556999206542969,0,0,0.36711299419403076,-0.026033999398350716,1,0.9996190071105957,0.0233411006629467,-0.01472112163901329,0,-0.023912901058793068,0.9989159107208252,-0.03994208574295044,0,0.013772877864539623,0.04027891159057617,0.9990940093994141,0,0,0.42937299609184265,0,1,0.9996199607849121,0.023258080706000328,-0.014812970533967018,0,-0.023835916072130203,0.9989110231399536,-0.04010707512497902,0,0.013864029198884964,0.04044492542743683,0.9990860819816589,0,0,0.4907130002975464,0,1,0.9974159598350525,-0.04944916069507599,0.05212419480085373,0,0.06840183585882187,0.875528872013092,-0.4782981872558594,0,-0.021984798833727837,0.48062780499458313,0.8766492009162903,0,0,0.5520520210266113,0,1,0.9927390217781067,-0.009982949122786522,0.11987218260765076,0,0.062212057411670685,0.8955260515213013,-0.4406388998031616,0,-0.10294981300830841,0.4448970854282379,0.889644980430603,0,0,0.26450100541114807,0.07711700350046158,1,-0.1747886836528778,-0.042329318821430206,-0.9836960434913635,0,0.9558148980140686,-0.24712927639484406,-0.15920041501522064,0,-0.23636126518249512,-0.9680578708648682,0.08365439623594284,0,0.18095700442790985,0.48029300570487976,-0.00496899988502264,1,0.8669798970222473,0.49833524227142334,0.0028546361718326807,0,-0.3208447992801666,0.553788959980011,0.7683591246604919,0,0.38131964206695557,-0.6670679450035095,0.640012264251709,0,0,0.3883010149002075,0,1,0.11697839945554733,0.3486417829990387,-0.9299271106719971,0,-0.9527129530906677,0.3038139343261719,-0.005940878763794899,0,0.2804536521434784,0.886648952960968,0.3676953911781311,0,0,0.8196550011634827,0,1,0.9460560083389282,0.32387006282806396,0.0093116769567132,0,-0.18014296889305115,0.5496683716773987,-0.8157287836074829,0,-0.2693083584308624,0.7700474262237549,0.5783597826957703,0,0,1.0135270357131958,0,1,0.7703138589859009,0.5781452655792236,0.2690058946609497,0,-0.6334848403930664,0.7420592904090881,0.21919266879558563,0,-0.07289312779903412,-0.3392583131790161,0.9378648996353149,0,-0.05779600143432617,0.10119599848985672,0.0494219996035099,1,0.8641298413276672,0.11684202402830124,-0.4895172417163849,0,-0.1376829892396927,0.9904540181159973,-0.006637837737798691,0,0.48406875133514404,0.0731341540813446,0.871968150138855,0,-0.016102999448776245,0.0999779999256134,0,1,0.8253910541534424,0.5644620060920715,0.010629838332533836,0,-0.5532740354537964,0.8049980998039246,0.21416674554347992,0,0.11233183741569519,-0.18265226483345032,0.9767389297485352,0,-0.002061000093817711,0.09849300235509872,0,1,0.9348080158233643,0.3461739718914032,-0.07935617864131927,0,-0.35392099618911743,0.8894150853157043,-0.28927576541900635,0,-0.029559176415205002,0.29850322008132935,0.9539508819580078,0,-0.08126600086688995,0.2582220137119293,-0.0008430000161752105,1,0.991021990776062,-0.12612198293209076,-0.04436098784208298,0,0.11946200579404831,0.6863670349121094,0.7173759341239929,0,-0.06002897769212723,-0.7162350416183472,0.695271909236908,0,0.00011700000322889537,0.10093799978494644,0,1,0.9990079998970032,-0.04407809302210808,-0.0063930172473192215,0,0.044118914753198624,0.9596571326255798,0.2776918411254883,0,-0.0061050173826515675,-0.27769818902015686,0.9606489539146423,0,-0.00016199999663513154,0.09645900130271912,0,1,0.9178109765052795,0.2544402778148651,-0.3047677278518677,0,-0.37081673741340637,0.823634147644043,-0.42909395694732666,0,0.14183826744556427,0.5068399906158447,0.8502909541130066,0,-0.0024510000366717577,0.3090820014476776,-0.0004529999860096723,1,0.9810890555381775,-0.18209055066108704,-0.06562529504299164,0,0.13013345003128052,0.36956384778022766,0.9200479984283447,0,-0.1432792991399765,-0.9111889600753784,0.38627105951309204,0,0.00005400000009103678,0.0871099978685379,0,1,0.997418999671936,-0.06953872740268707,-0.017880411818623543,0,0.07074427604675293,0.9092220067977905,0.41025590896606445,0,-0.012271410785615444,-0.41046205163002014,0.9117949604988098,0,-0.000012000000424450263,0.09059199690818787,0,1,0.8875922560691833,0.040614038705825806,-0.4588354229927063,0,-0.1817929744720459,0.9461339712142944,-0.2679211497306824,0,0.4232385456562042,0.3212178945541382,0.8471648097038269,0,0.08371700346469879,0.2996929883956909,-0.006422999780625105,1,0.9923840165138245,-0.12019497156143188,-0.026959003880620003,0,0.10675402730703354,0.7299972176551819,0.6750617027282715,0,-0.0614590086042881,-0.6727982759475708,0.7372686862945557,0,-0.00007300000288523734,0.0867220014333725,0,1,0.9963860511779785,-0.08377384394407272,-0.01404597144573927,0,0.07992016524076462,0.86854088306427,0.4891321063041687,0,-0.028776969760656357,-0.4884868860244751,0.8720971345901489,0,0.000019999999494757503,0.07366199791431427,0,1,-0.5530617833137512,-0.14633315801620483,0.8201882243156433,0,-0.7518291473388672,-0.33653321862220764,-0.5670087337493896,0,0.35899269580841064,-0.9302321076393127,0.07610602676868439,0,-0.18095700442790985,0.48030999302864075,-0.005206999834626913,1,0.8886627554893494,-0.4552413821220398,-0.05507103353738785,0,0.4072116017341614,0.7282202243804932,0.5512478947639465,0,-0.21084703505039215,-0.5122990608215332,0.832521915435791,0,0,0.3883010149002075,0,1,-0.13784752786159515,-0.8085098266601562,0.572111189365387,0,0.8795707821846008,0.16563506424427032,0.44600459933280945,0,-0.4553605616092682,0.5646925568580627,0.688308835029602,0,0,0.8196730017662048,0,1,0.9811269640922546,-0.005562982056289911,0.1932823359966278,0,0.17516601085662842,0.44889888167381287,-0.8762460947036743,0,-0.08188966661691666,0.8935649991035461,0.4414011538028717,0,0,1.0139130353927612,0,1,0.6915469765663147,-0.6667439341545105,-0.277875155210495,0,0.7222970724105835,0.6420321464538574,0.2570626139640808,0,0.0070098587311804295,-0.37847939133644104,0.9255828261375427,0,0.05241600051522255,0.10095100104808807,0.04725399985909462,1,0.9084879755973816,0.09722281992435455,0.40644508600234985,0,-0.18923215568065643,0.9628469347953796,0.19265690445899963,0,-0.37261393666267395,-0.2519390881061554,0.8931329846382141,0,0.013666000217199326,0.09758500009775162,0,1,0.9922530055046082,0.03910191357135773,0.11791718751192093,0,-0.03612909093499184,0.9989760518074036,-0.02724515087902546,0,-0.11886182427406311,0.022773848846554756,0.9926499724388123,0,0.005741000175476074,0.10011699795722961,0,1,0.9426901340484619,-0.3237278461456299,0.08084899932146072,0,0.33300915360450745,0.8975338935852051,-0.28902900218963623,0,0.02100200206041336,0.29938799142837524,0.9538999795913696,0,0.0769060030579567,0.2715510129928589,-0.0019199999514967203,1,0.9950910210609436,0.09358200430870056,0.03220578655600548,0,-0.08791898190975189,0.6864582300186157,0.7218347191810608,0,0.04544278606772423,-0.7211223244667053,0.6913157105445862,0,0.0002280000044265762,0.09706299751996994,0,1,0.9996510148048401,0.02619708701968193,0.003282413585111499,0,-0.026067908853292465,0.9596331119537354,0.28004345297813416,0,0.004186413716524839,-0.2800315022468567,0.9599817991256714,0,0.00022499999613501132,0.09129799902439117,0,1,0.9241141676902771,-0.2301466017961502,0.3050326704978943,0,0.3641393780708313,0.7723708152770996,-0.5204290151596069,0,-0.11582332849502563,0.5920100212097168,0.7975639700889587,0,0.0016319999704137444,0.3018290102481842,-0.004891999997198582,1,0.9893609285354614,0.13955101370811462,0.04110344871878624,0,-0.09054896980524063,0.36957067251205444,0.9247801303863525,0,0.11386344581842422,-0.9186637997627258,0.3782752752304077,0,0.000299000006634742,0.09164199978113174,0,1,0.9988639950752258,0.0460507869720459,0.012228678911924362,0,-0.04698720946907997,0.9094840884208679,0.4130757749080658,0,0.007900678552687168,-0.41318121552467346,0.9106149077415466,0,0.00009200000204145908,0.09171000123023987,0,1,0.8850739598274231,-0.03518218919634819,0.4641181528568268,0,0.24633680284023285,0.8814491033554077,-0.40294691920280457,0,-0.39491984248161316,0.47096705436706543,0.7888140082359314,0,-0.07853800058364868,0.3580009937286377,-0.0009769999887794256,1,0.9960330724716187,0.08807475119829178,0.012669792398810387,0,-0.07312124222517014,0.7290220856666565,0.6805738210678101,0,0.05070478841662407,-0.678800106048584,0.7325698733329773,0,0.000007999999979801942,0.05954999849200249,0,1,0.9971999526023865,0.07368696480989456,0.01275619026273489,0,-0.07035303860902786,0.8665439486503601,0.49411699175834656,0,0.025356190279126167,-0.4936310350894928,0.869301974773407,0,-0.00031400000443682075,0.06425800174474716,0,1,-0.7206519842147827,-0.39891090989112854,0.5670369863510132,0,0.3554690480232239,-0.9147989153862,-0.1917930394411087,0,0.5952330231666565,0.06334804743528366,0.8010520339012146,0,0.27979201078414917,-0.20402400195598602,0.006827999837696552,1,0.70954829454422,0.22263787686824799,0.6685606837272644,0,0.014901874586939812,0.9438219666481018,-0.3301182687282562,0,-0.7044993042945862,0.24419774115085602,0.6663697957992554,0,0,1.599581003189087,0,1,0.9974770545959473,0.0697110965847969,-0.013432168401777744,0,-0.04964490234851837,0.8201760649681091,0.5699540972709656,0,0.05074883624911308,-0.5678489208221436,0.8215670585632324,0,0,1.3877099752426147,0,1,0.9708499908447266,0.05030668154358864,0.23434928059577942,0,-0.15878131985664368,0.8674048781394958,0.4715891480445862,0,-0.17955170571804047,-0.49505284428596497,0.8501081466674805,0,0,0.5019649863243103,0,1,-0.8585788607597351,0.30834904313087463,-0.40959006547927856,0,-0.228566974401474,-0.9453439712524414,-0.23255716264247894,0,-0.4589118957519531,-0.10604983568191528,0.8821301460266113,0,-0.27979201078414917,-0.20402400195598602,0.012690999545156956,1,0.547516942024231,-0.09190963208675385,-0.8317320942878723,0,-0.18335363268852234,0.9566190242767334,-0.22640909254550934,0,0.8164598941802979,0.27646389603614807,0.5069131255149841,0,0,1.6002310514450073,0,1,0.9835650324821472,-0.17540982365608215,0.04280099645256996,0,0.13260917365550995,0.8626660108566284,0.48808103799819946,0,-0.12253700941801071,-0.47438299655914307,0.8717479705810547,0,0,1.3877849578857422,0,1,0.9991099834442139,0.005128981079906225,-0.04186413437128067,0,0.015233980491757393,0.8816879391670227,0.47158700227737427,0,0.03932986035943031,-0.47180497646331787,0.8808249831199646,0,0,0.5005069971084595,0,1
K0.034,0.9963323473930359,-0.05566302314400673,-0.06498149037361145,0,0.08248056471347809,0.4228176772594452,0.9024531245231628,0,-0.02275795117020607,-0.9045031070709229,0.42585811018943787,0,0.011289536021649837,0.594822883605957,-0.03320852294564247,1,0.994069516658783,0.03487170487642288,-0.10300224274396896,0,-0.06088786572217941,0.9632802605628967,-0.26150447130203247,0,0.09010092169046402,0.26622524857521057,0.9596909284591675,0,0,0.36711299419403076,-0.026033999398350716,1,0.9995551109313965,0.027272412553429604,-0.01210520975291729,0,-0.027778977528214455,0.9986512064933777,-0.043864648789167404,0,0.010892589576542377,0.04418141022324562,0.9989646077156067,0,0,0.42937299609184265,0,1,0.9995599985122681,0.02711442857980728,-0.012043416500091553,0,-0.02762080729007721,0.9986462593078613,-0.044084735214710236,0,0.010831779800355434,0.044397983700037,0.9989556670188904,0,0,0.4907130002975464,0,1,0.9972119331359863,-0.054046984761953354,0.05145372450351715,0,0.07252883911132812,0.8641788363456726,-0.49793022871017456,0,-0.01755359396338463,0.5002740025520325,0.8656896352767944,0,0,0.5520520210266113,0,1,0.9915183186531067,-0.0034982669167220592,0.12991958856582642,0,0.062474314123392105,0.8893991112709045,-0.4528421461582184,0,-0.11396626383066177,0.45711812376976013,0.8820744752883911,0,0,0.26450100541114807,0.07711700350046158,1,-0.13285861909389496,-0.03395361453294754,-0.9905531406402588,0,0.9616214632987976,-0.2464890480041504,-0.1205291599035263,0,-0.24006827175617218,-0.9685510396957397,0.06539878994226456,0,0.18095700442790985,0.48029300570487976,-0.00496899988502264,1,0.9181719422340393,0.3938085436820984,0.043299805372953415,0,-0.2747941017150879,0.5543050169944763,0.7856427431106567,0,0.28539156913757324,-0.7332536578178406,0.6171635985374451,0,0,0.3883010149002075,0,1,0.058068547397851944,0.3376355767250061,-0.9394838213920593,0,-0.9347360730171204,0.3488538861274719,0.06759743392467499,0,0.35056620836257935,0.874244749546051,0.3358578085899353,0,0,0.8196550011634827,0,1,0.9528312683105469,0.30348169803619385,0.003487367881461978,0,-0.16324688494205475,0.5221598148345947,-0.8370778560638428,0,-0.25585877895355225,0.7970247268676758,0.54707270860672,0,0,1.0135270357131958,0,1,0.7942503690719604,0.5504385828971863,0.2572624683380127,0,-0.6018873453140259,0.7706661224365234,0.2092992514371872,0,-0.08305702358484268,-0.321078896522522,0.9434034824371338,0,-0.05779600143432617,0.10119599848985672,0.0494219996035099,1,0.8652053475379944,0.11607399582862854,-0.487797349691391,0,-0.13376206159591675,0.9910122752189636,-0.0014368700794875622,0,0.4832466244697571,0.0664920061826706,0.872955858707428,0,-0.016102999448776245,0.0999779999256134,0,1,0.7845450639724731,0.6193773150444031,0.029317907989025116,0,-0.6097519993782043,0.7620365023612976,0.2179507166147232,0,0.11265247315168381,-0.1888689249753952,0.975519061088562,0,-0.002061000093817711,0.09849300235509872,0,1,0.9387730360031128,0.33535751700401306,-0.07899606227874756,0,-0.34418195486068726,0.9024336934089661,-0.2591370940208435,0,-0.015614877454936504,0.2704600691795349,0.9626049399375916,0,-0.08126600086688995,0.2582220137119293,-0.0008430000161752105,1,0.9916977882385254,-0.12211792171001434,-0.04027571901679039,0,0.1156526654958725,0.7101438045501709,0.6944929361343384,0,-0.05620846897363663,-0.6933850646018982,0.7183712720870972,0,0.00011700000322889537,0.10093799978494644,0,1,0.9990816116333008,-0.04244527965784073,-0.005900087766349316,0,0.04247759282588959,0.9626965522766113,0.2672262489795685,0,-0.005662503186613321,-0.26723167300224304,0.9636161923408508,0,-0.00016199999663513154,0.09645900130271912,0,1,0.9223509430885315,0.2421177327632904,-0.3010779619216919,0,-0.3529585897922516,0.8449821472167969,-0.4017781615257263,0,0.15712781250476837,0.476848304271698,0.8648272156715393,0,-0.0024510000366717577,0.3090820014476776,-0.0004529999860096723,1,0.9825913310050964,-0.1771358698606491,-0.05601269751787186,0,0.12669360637664795,0.41838350892066956,0.8993908762931824,0,-0.13587960600852966,-0.8908302783966064,0.43354204297065735,0,0.00005400000009103678,0.0871099978685379,0,1,0.9975680112838745,-0.06760668754577637,-0.016958221793174744,0,0.068801648914814,0.9161462187767029,0.39489465951919556,0,-0.011161317117512226,-0.39510127902030945,0.9185702204704285,0,-0.000012000000424450263,0.09059199690818787,0,1,0.8894554972648621,0.034581199288368225,-0.45571133494377136,0,-0.16575540602207184,0.953649640083313,-0.25115397572517395,0,0.4259035289287567,0.2989267408847809,0.8539605140686035,0,0.08371700346469879,0.2996929883956909,-0.006422999780625105,1,0.9929497838020325,-0.11617937684059143,-0.023539219051599503,0,0.10318542271852493,0.7493755221366882,0.6540554761886597,0,-0.05834805965423584,-0.6518732905387878,0.7560804486274719,0,-0.00007300000288523734,0.0867220014333725,0,1,0.9966195225715637,-0.0811871886253357,-0.01256988663226366,0,0.07743290811777115,0.8771591782569885,0.47391510009765625,0,-0.027450043708086014,-0.47328636050224304,0.8804805278778076,0,0.000019999999494757503,0.07366199791431427,0,1,-0.5352569818496704,-0.14769065380096436,0.831678032875061,0,-0.7578799724578857,-0.35079431533813477,-0.5500560998916626,0,0.37298583984375,-0.9247329831123352,0.07583331316709518,0,-0.18095700442790985,0.48030999302864075,-0.005206999834626913,1,0.8990867733955383,-0.4369174540042877,-0.027336739003658295,0,0.3888891339302063,0.768459677696228,0.5081679224967957,0,-0.20102021098136902,-0.4675179123878479,0.8608241081237793,0,0,0.3883010149002075,0,1,-0.25805386900901794,-0.6860167384147644,0.680285632610321,0,0.8681851625442505,0.14426206052303314,0.4748075604438782,0,-0.4238656461238861,0.7131403684616089,0.5583626627922058,0,0,0.8196730017662048,0,1,0.9984740018844604,0.05498891696333885,-0.005159277003258467,0,-0.038537729531526566,0.6267366409301758,-0.778277575969696,0,-0.039563123136758804,0.7772886157035828,0.6278992295265198,0,0,1.0139130353927612,0,1,0.6811753511428833,-0.694195568561554,-0.23257942497730255,0,0.7289867997169495,0.672484815120697,0.1278351992368698,0,0.0676635354757309,-0.2566256523132324,0.964139997959137,0,0.05241600051522255,0.10095100104808807,0.04725399985909462,1,0.893811047077179,0.19626305997371674,0.40321657061576843,0,-0.2865023612976074,0.941633403301239,0.17675641179084778,0,-0.3449912965297699,-0.2735092043876648,0.8978717923164368,0,0.013666000217199326,0.09758500009775162,0,1,0.9872205853462219,0.10681401938199997,0.11826761066913605,0,-0.10000214725732803,0.9930460453033447,-0.06212225183844566,0,-0.12408066540956497,0.04950133338570595,0.9910367727279663,0,0.005741000175476074,0.10011699795722961,0,1,0.9396308064460754,-0.32602620124816895,0.10392336547374725,0,0.33642178773880005,0.8246383666992188,-0.4547446072101593,0,0.06255945563316345,0.46225404739379883,0.8845376968383789,0,0.0769060030579567,0.2715510129928589,-0.0019199999514967203,1,0.9965564012527466,0.08050214499235153,0.019869336858391762,0,-0.07543691992759705,0.7807620167732239,0.6202587485313416,0,0.03441891074180603,-0.6196212768554688,0.784145712852478,0,0.0002280000044265762,0.09706299751996994,0,1,0.9996285438537598,0.027017420157790184,0.0034626524429768324,0,-0.026892591267824173,0.9587372541427612,0.28301870822906494,0,0.00432666577398777,-0.2830069959163666,0.9591085910797119,0,0.00022499999613501132,0.09129799902439117,0,1,0.9283188581466675,-0.15951891243457794,0.33582520484924316,0,0.337493896484375,0.7404741644859314,-0.5812020897865295,0,-0.15595704317092896,0.6528792977333069,0.7412322759628296,0,0.0016319999704137444,0.3018290102481842,-0.004891999997198582,1,0.9932928681373596,0.115576833486557,0.003500590333715081,0,-0.07402340322732925,0.6123329997062683,0.7871268391609192,0,0.08883004635572433,-0.7821061015129089,0.6167809963226318,0,0.000299000006634742,0.09164199978113174,0,1,0.9990798830986023,0.041502695530653,0.010854723863303661,0,-0.04270259290933609,0.937982439994812,0.3440443277359009,0,0.004097220953553915,-0.344190776348114,0.938890278339386,0,0.00009200000204145908,0.09171000123023987,0,1,0.8738455176353455,0.057706888765096664,0.48276668787002563,0,0.20661640167236328,0.854739248752594,-0.47616198658943176,0,-0.44011756777763367,0.515839695930481,0.7349870204925537,0,-0.07853800058364868,0.3580009937286377,-0.0009769999887794256,1,0.997255802154541,0.07378998398780823,0.0060319979675114155,0,-0.06577791273593903,0.8456801772117615,0.5296218395233154,0,0.0339796207845211,-0.5285648107528687,0.848212480545044,0,0.000007999999979801942,0.05954999849200249,0,1,0.9980106949806213,0.06272280961275101,0.006360023748129606,0,-0.06006886810064316,0.9154284596443176,0.3979737162590027,0,0.019139878451824188,-0.3975639343261719,0.917374849319458,0,-0.00031400000443682075,0.06425800174474716,0,1,-0.7318304181098938,-0.40343141555786133,0.5492432117462158,0,0.3562205731868744,-0.9135342836380005,-0.19637082517147064,0,0.5809746980667114,0.051941610872745514,0.8122627139091492,0,0.27979201078414917,-0.20402400195598602,0.006827999837696552,1,0.6602733135223389,0.2583623230457306,0.7051872611045837,0,0.0020433440804481506,0.9383439421653748,-0.34569811820983887,0,-0.7510230541229248,0.22969602048397064,0.6190350651741028,0,0,1.599581003189087,0,1,0.9973682761192322,0.07094696909189224,-0.01494096964597702,0,-0.04940308630466461,0.8158414959907532,0.5761613249778748,0,0.05306636914610863,-0.5739070177078247,0.8171995878219604,0,0,1.3877099752426147,0,1,0.9770357012748718,0.0722544863820076,0.2004520744085312,0,-0.15825651586055756,0.8760010600090027,0.45560646057128906,0,-0.14267657697200775,-0.4768665134906769,0.867318868637085,0,0,0.5019649863243103,0,1,-0.8745218515396118,0.29114869236946106,-0.3878708481788635,0,-0.20364321768283844,-0.9462806582450867,-0.25116074085235596,0,-0.4401598572731018,-0.14065831899642944,0.8868337869644165,0,-0.27979201078414917,-0.20402400195598602,0.012690999545156956,1,0.5328907370567322,-0.0923127681016922,-0.8411339521408081,0,-0.15379726886749268,0.9669091701507568,-0.20355284214019775,0,0.8320903778076172,0.23783543705940247,0.5010592937469482,0,0,1.6002310514450073,0,1,0.9769425988197327,-0.2072666585445404,0.05121826380491257,0,0.15687038004398346,0.8595796823501587,0.48632749915122986,0,-0.14482565224170685,-0.46707937121391296,0.8722739815711975,0,0,1.3877849578857422,0,1,0.9996920228004456,-0.018677249550819397,-0.016314072534441948,0,0.024076664820313454,0.8886008858680725,0.4580480456352234,0,0.005941625684499741,-0.45829999446868896,0.8887773752212524,0,0,0.5005069971084595,0,1
